# Detector:    Gotthard at VonHamos
# DateCreated: 2026-09-02T17:30:48
# N = 176400

0    6.974226e+03  0.000000e+00
1    6.974686e+03  0.000000e+00
2    6.975145e+03  0.000000e+00
3    6.975604e+03  0.000000e+00
4    6.976064e+03  0.000000e+00
5    6.976523e+03  0.000000e+00
6    6.976983e+03  0.000000e+00
7    6.977442e+03  0.000000e+00
8    6.977901e+03  0.000000e+00
9    6.978361e+03  0.000000e+00
10   6.978820e+03  0.000000e+00
11   6.979280e+03  0.000000e+00
12   6.979739e+03  0.000000e+00
13   6.980199e+03  0.000000e+00
14   6.980658e+03  0.000000e+00
15   6.981118e+03  0.000000e+00
16   6.981577e+03  0.000000e+00
17   6.982037e+03  0.000000e+00
18   6.982496e+03  0.000000e+00
19   6.982956e+03  0.000000e+00
20   6.983415e+03  0.000000e+00
21   6.983874e+03  0.000000e+00
22   6.984333e+03  0.000000e+00
23   6.984793e+03  0.000000e+00
24   6.985252e+03  0.000000e+00
25   6.985712e+03  0.000000e+00
26   6.986171e+03  0.000000e+00
27   6.986631e+03  0.000000e+00
28   6.987090e+03  0.000000e+00
29   6.987550e+03  0.000000e+00
30   6.988009e+03  0.000000e+00
31   6.988469e+03  0.000000e+00
32   6.988928e+03  0.000000e+00
33   6.989387e+03  0.000000e+00
34   6.989847e+03  0.000000e+00
35   6.990306e+03  0.000000e+00
36   6.990766e+03  0.000000e+00
37   6.991225e+03  0.000000e+00
38   6.991685e+03  0.000000e+00
39   6.992144e+03  0.000000e+00
40   6.992604e+03  0.000000e+00
41   6.993063e+03  0.000000e+00
42   6.993522e+03  0.000000e+00
43   6.993982e+03  0.000000e+00
44   6.994441e+03  0.000000e+00
45   6.994901e+03  0.000000e+00
46   6.995360e+03  0.000000e+00
47   6.995819e+03  0.000000e+00
48   6.996279e+03  0.000000e+00
49   6.996738e+03  0.000000e+00
50   6.997198e+03  0.000000e+00
51   6.997657e+03  0.000000e+00
52   6.998117e+03  0.000000e+00
53   6.998576e+03  0.000000e+00
54   6.999036e+03  0.000000e+00
55   6.999495e+03  0.000000e+00
56   6.999955e+03  0.000000e+00
57   7.000414e+03  0.000000e+00
58   7.000874e+03  0.000000e+00
59   7.001333e+03  0.000000e+00
60   7.001792e+03  0.000000e+00
61   7.002251e+03  0.000000e+00
62   7.002711e+03  0.000000e+00
63   7.003170e+03  0.000000e+00
64   7.003630e+03  0.000000e+00
65   7.004089e+03  0.000000e+00
66   7.004549e+03  0.000000e+00
67   7.005008e+03  0.000000e+00
68   7.005468e+03  0.000000e+00
69   7.005927e+03  0.000000e+00
70   7.006387e+03  0.000000e+00
71   7.006846e+03  0.000000e+00
72   7.007306e+03  0.000000e+00
73   7.007765e+03  0.000000e+00
74   7.008224e+03  1.906084e+02
75   7.008684e+03 -1.700234e+02
76   7.009143e+03  6.863882e+02
77   7.009603e+03  1.041030e+02
78   7.010062e+03  4.923071e+02
79   7.010521e+03 -6.045859e+02
80   7.010981e+03 -5.352427e+02
81   7.011440e+03 -1.643428e+02
82   7.011900e+03 -4.354785e+01
83   7.012359e+03 -1.380576e+02
84   7.012819e+03 -3.342939e+02
85   7.013278e+03  2.194512e+02
86   7.013737e+03 -1.941699e+02
87   7.014197e+03 -2.509551e+02
88   7.014656e+03 -1.178087e+03
89   7.015116e+03 -5.176567e+02
90   7.015575e+03  2.847168e+01
91   7.016035e+03 -3.468428e+02
92   7.016494e+03 -4.451855e+02
93   7.016954e+03 -1.505835e+02
94   7.017413e+03  5.522280e+02
95   7.017873e+03  3.551235e+02
96   7.018332e+03 -3.110610e+02
97   7.018792e+03  1.242925e+02
98   7.019251e+03 -2.798794e+02
99   7.019710e+03 -7.832520e+01
100  7.020169e+03 -4.642012e+02
101  7.020629e+03  5.555303e+02
102  7.021088e+03 -3.112988e+01
103  7.021548e+03 -8.499648e+02
104  7.022007e+03 -5.592568e+02
105  7.022467e+03  3.391973e+02
106  7.022926e+03 -7.546055e+02
107  7.023386e+03  7.474307e+02
108  7.023845e+03  2.166602e+02
109  7.024305e+03  1.108594e+02
110  7.024764e+03 -4.500830e+02
111  7.025224e+03  6.968809e+02
112  7.025683e+03 -3.427861e+02
113  7.026142e+03 -1.875350e+03
114  7.026602e+03 -3.100947e+02
115  7.027061e+03 -1.699512e+02
116  7.027521e+03 -7.251738e+02
117  7.027980e+03  5.217695e+02
118  7.028439e+03  1.410742e+02
119  7.028899e+03 -9.823066e+02
120  7.029358e+03  3.156836e+02
121  7.029818e+03 -3.542422e+02
122  7.030277e+03  1.773932e+03
123  7.030737e+03  3.231309e+02
124  7.031196e+03  5.104355e+02
125  7.031655e+03 -1.136445e+03
126  7.032115e+03  1.187557e+03
127  7.032574e+03  2.054449e+03
128  7.033034e+03 -8.860352e+02
129  7.033493e+03 -5.603594e+02
130  7.033953e+03 -1.160033e+03
131  7.034412e+03  1.714156e+03
132  7.034872e+03  1.232004e+03
133  7.035331e+03  4.235977e+02
134  7.035791e+03  9.000000e+00
135  7.036250e+03 -1.905094e+03
136  7.036709e+03 -6.427422e+02
137  7.037169e+03 -3.275039e+03
138  7.037628e+03 -9.108203e+01
139  7.038087e+03 -2.396883e+03
140  7.038547e+03 -1.279617e+03
141  7.039006e+03 -1.410266e+03
142  7.039466e+03 -1.367352e+03
143  7.039925e+03  1.637266e+03
144  7.040385e+03 -2.262813e+02
145  7.040844e+03  2.129820e+03
146  7.041304e+03  8.644219e+02
147  7.041763e+03 -2.085008e+03
148  7.042223e+03 -4.204141e+02
149  7.042682e+03  1.235234e+02
150  7.043142e+03  3.116563e+02
151  7.043601e+03  3.336445e+03
152  7.044060e+03 -8.834922e+02
153  7.044520e+03 -7.832656e+02
154  7.044979e+03 -3.408641e+03
155  7.045438e+03 -1.533344e+03
156  7.045898e+03  3.672969e+02
157  7.046357e+03  1.292359e+03
158  7.046817e+03 -1.222031e+03
159  7.047276e+03 -1.519438e+03
160  7.047736e+03  3.049063e+03
161  7.048195e+03 -2.363828e+03
162  7.048655e+03  1.326953e+03
163  7.049114e+03 -2.441594e+03
164  7.049573e+03  2.401109e+03
165  7.050033e+03 -2.379000e+03
166  7.050492e+03  3.637219e+03
167  7.050952e+03 -2.029828e+03
168  7.051411e+03  2.946625e+03
169  7.051871e+03 -7.666563e+02
170  7.052330e+03  1.168063e+03
171  7.052790e+03  5.300594e+03
172  7.053249e+03 -4.358781e+03
173  7.053708e+03 -1.812188e+02
174  7.054168e+03  2.102094e+03
175  7.054627e+03  2.795625e+03
176  7.055087e+03  4.917344e+03
177  7.055546e+03  7.091750e+03
178  7.056005e+03 -6.014000e+03
179  7.056465e+03 -1.685188e+03
180  7.056924e+03 -9.583375e+03
181  7.057384e+03  8.368750e+02
182  7.057843e+03 -7.032500e+02
183  7.058303e+03  2.237625e+03
184  7.058762e+03  9.345000e+02
185  7.059222e+03 -8.348000e+03
186  7.059681e+03 -1.629625e+03
187  7.060141e+03 -1.951875e+03
188  7.060600e+03  5.295563e+03
189  7.061060e+03  6.699781e+03
190  7.061519e+03  7.634688e+02
191  7.061978e+03 -3.002031e+02
192  7.062438e+03  1.925547e+03
193  7.062897e+03  5.798656e+03
194  7.063356e+03 -2.473719e+03
195  7.063816e+03  1.569664e+03
196  7.064275e+03 -5.391953e+02
197  7.064735e+03 -1.643125e+02
198  7.065194e+03 -1.719141e+02
199  7.065654e+03 -2.171875e+02
200  7.066113e+03 -1.810910e+03
201  7.066573e+03 -8.998203e+02
202  7.067032e+03  6.967266e+02
203  7.067491e+03  1.135160e+03
204  7.067951e+03  3.125508e+02
205  7.068410e+03  9.269922e+02
206  7.068870e+03 -1.359699e+03
207  7.069329e+03  2.307813e+02
208  7.069789e+03  1.872418e+03
209  7.070248e+03 -4.692480e+02
210  7.070708e+03  1.840744e+03
211  7.071167e+03 -1.021234e+03
212  7.071626e+03  1.437227e+02
213  7.072086e+03  1.408301e+02
214  7.072545e+03 -1.074316e+03
215  7.073005e+03  1.263789e+02
216  7.073464e+03  1.868744e+03
217  7.073923e+03 -5.849004e+02
218  7.074383e+03 -1.747500e+03
219  7.074842e+03  1.368984e+02
220  7.075302e+03  1.313643e+03
221  7.075761e+03 -5.126143e+02
222  7.076221e+03  1.236430e+03
223  7.076680e+03  6.830273e+02
224  7.077140e+03  4.612344e+02
225  7.077599e+03  2.083896e+02
226  7.078059e+03 -3.479072e+02
227  7.078518e+03  7.082168e+02
228  7.078978e+03  1.100874e+03
229  7.079437e+03 -5.841758e+02
230  7.079896e+03  5.691455e+02
231  7.080355e+03 -3.356768e+02
232  7.080815e+03  1.183095e+03
233  7.081274e+03  4.947266e+00
234  7.081734e+03  2.417578e+01
235  7.082193e+03  7.401367e+00
236  7.082653e+03 -2.468750e+02
237  7.083112e+03  1.212188e+02
238  7.083572e+03 -5.000479e+02
239  7.084031e+03 -3.308789e+01
240  7.084491e+03 -3.985742e+01
241  7.084950e+03 -8.781167e+02
242  7.085410e+03 -2.068223e+02
243  7.085869e+03  9.849722e+02
244  7.086328e+03 -9.656973e+02
245  7.086788e+03  4.519302e+02
246  7.087247e+03  3.651548e+02
247  7.087707e+03  9.794883e+02
248  7.088166e+03 -9.593418e+02
249  7.088625e+03  1.063799e+02
250  7.089085e+03 -8.297915e+02
251  7.089544e+03  3.145342e+02
252  7.090004e+03  5.403730e+02
253  7.090463e+03 -7.523779e+01
254  7.090923e+03  1.790220e+02
255  7.091382e+03 -3.163037e+01
256  7.091841e+03  5.756479e+02
257  7.092301e+03 -1.034074e+03
258  7.092760e+03  3.488311e+02
259  7.093220e+03 -4.564043e+02
260  7.093679e+03 -3.144155e+02
261  7.094139e+03  4.381304e+02
262  7.094598e+03  2.112891e+02
263  7.095058e+03  5.659360e+02
264  7.095517e+03  1.574849e+02
265  7.095977e+03  6.026069e+02
266  7.096436e+03  5.336035e+02
267  7.096896e+03  2.451506e+02
268  7.097355e+03 -1.229778e+02
269  7.097814e+03  3.653425e+02
270  7.098273e+03 -5.216250e+02
271  7.098733e+03 -1.130396e+01
272  7.099192e+03  0.000000e+00
273  7.099652e+03  0.000000e+00
274  7.100111e+03  0.000000e+00
275  7.100571e+03  0.000000e+00
276  7.101030e+03  0.000000e+00
277  7.101490e+03  0.000000e+00
278  7.101949e+03  0.000000e+00
279  7.102409e+03  0.000000e+00
280  7.102868e+03  0.000000e+00
281  7.103328e+03  0.000000e+00
282  7.103787e+03  0.000000e+00
283  7.104246e+03  0.000000e+00
284  7.104706e+03  0.000000e+00
285  7.105165e+03  0.000000e+00
286  7.105625e+03  0.000000e+00
287  7.106084e+03  0.000000e+00
288  7.106543e+03  0.000000e+00
289  7.107003e+03  0.000000e+00
290  7.107462e+03  0.000000e+00
291  7.107922e+03  0.000000e+00
292  7.108381e+03  0.000000e+00
293  7.108841e+03  0.000000e+00
294  7.109300e+03  0.000000e+00
295  7.109759e+03  0.000000e+00
296  7.110219e+03  0.000000e+00
297  7.110678e+03  0.000000e+00
298  7.111138e+03  0.000000e+00
299  7.111597e+03  0.000000e+00
300  7.112057e+03  0.000000e+00
301  7.112516e+03  0.000000e+00
302  7.112976e+03  0.000000e+00
303  7.113435e+03  0.000000e+00
304  7.113895e+03  0.000000e+00
305  7.114354e+03  0.000000e+00
306  7.114813e+03  0.000000e+00
307  7.115273e+03  0.000000e+00
308  7.115732e+03  0.000000e+00
309  7.116191e+03  0.000000e+00
310  7.116651e+03  0.000000e+00
311  7.117110e+03  0.000000e+00
312  7.117570e+03  0.000000e+00
313  7.118029e+03  0.000000e+00
314  7.118489e+03  0.000000e+00
315  7.118948e+03  0.000000e+00
316  7.119408e+03  0.000000e+00
317  7.119867e+03  0.000000e+00
318  7.120327e+03  0.000000e+00
319  7.120786e+03  0.000000e+00
320  7.121246e+03  0.000000e+00
321  7.121705e+03  0.000000e+00
322  7.122164e+03  0.000000e+00
323  7.122624e+03  0.000000e+00
324  7.123083e+03  0.000000e+00
325  7.123542e+03  0.000000e+00
326  7.124002e+03  0.000000e+00
327  7.124461e+03  0.000000e+00
328  7.124921e+03  0.000000e+00
329  7.125380e+03  0.000000e+00
330  7.125840e+03  0.000000e+00
331  7.126299e+03  0.000000e+00
332  7.126759e+03  0.000000e+00
333  7.127218e+03  0.000000e+00
334  7.127678e+03  0.000000e+00
335  7.128137e+03  0.000000e+00
336  7.128596e+03  0.000000e+00
337  7.129056e+03  0.000000e+00
338  7.129515e+03  0.000000e+00
339  7.129975e+03  0.000000e+00
340  7.130434e+03  0.000000e+00
341  7.130894e+03  0.000000e+00
342  7.131353e+03  0.000000e+00
343  7.131813e+03  0.000000e+00
344  7.132272e+03  0.000000e+00
345  7.132731e+03  0.000000e+00
346  7.133191e+03  0.000000e+00
347  7.133650e+03  0.000000e+00
348  7.134109e+03  0.000000e+00
349  7.134569e+03  0.000000e+00
350  7.135028e+03  0.000000e+00
351  7.135488e+03  0.000000e+00
352  7.135947e+03  0.000000e+00
353  7.136407e+03  0.000000e+00
354  7.136866e+03  0.000000e+00
355  7.137326e+03  0.000000e+00
356  7.137785e+03  0.000000e+00
357  7.138245e+03  0.000000e+00
358  7.138704e+03  0.000000e+00
359  7.139164e+03  0.000000e+00
360  7.139623e+03  0.000000e+00
361  7.140082e+03  0.000000e+00
362  7.140542e+03  0.000000e+00
363  7.141001e+03  0.000000e+00
364  7.141460e+03  0.000000e+00
365  7.141920e+03  0.000000e+00
366  7.142379e+03  0.000000e+00
367  7.142839e+03  0.000000e+00
368  7.143298e+03  0.000000e+00
369  7.143758e+03  0.000000e+00
370  7.144217e+03  0.000000e+00
371  7.144677e+03  0.000000e+00
372  7.145136e+03  0.000000e+00
373  7.145596e+03  0.000000e+00
374  7.146055e+03  0.000000e+00
375  7.146514e+03  0.000000e+00
376  7.146974e+03  0.000000e+00
377  7.147433e+03  0.000000e+00
378  7.147893e+03  0.000000e+00
379  7.148352e+03  0.000000e+00
380  7.148812e+03  0.000000e+00
381  7.149271e+03  0.000000e+00
382  7.149730e+03  0.000000e+00
383  7.150190e+03  0.000000e+00
384  7.150649e+03  0.000000e+00
385  7.151109e+03  0.000000e+00
386  7.151568e+03  0.000000e+00
387  7.152027e+03  0.000000e+00
388  7.152487e+03  0.000000e+00
389  7.152946e+03  0.000000e+00
390  7.153406e+03  0.000000e+00
391  7.153865e+03  0.000000e+00
392  7.154325e+03  0.000000e+00
393  7.154784e+03  0.000000e+00
394  7.155244e+03  0.000000e+00
395  7.155703e+03  0.000000e+00
396  7.156163e+03  0.000000e+00
397  7.156622e+03  0.000000e+00
398  7.157082e+03  0.000000e+00
399  7.157541e+03  0.000000e+00
400  7.158000e+03  0.000000e+00
401  7.158459e+03  0.000000e+00
402  7.158919e+03  0.000000e+00
403  7.159378e+03  0.000000e+00
404  7.159838e+03  0.000000e+00
405  7.160297e+03  0.000000e+00
406  7.160757e+03  0.000000e+00
407  7.161216e+03  0.000000e+00
408  7.161676e+03  0.000000e+00
409  7.162135e+03  0.000000e+00
410  7.162595e+03  0.000000e+00
411  7.163054e+03  0.000000e+00
412  7.163514e+03  0.000000e+00
413  7.163973e+03  0.000000e+00
414  7.164432e+03  0.000000e+00
415  7.164892e+03  0.000000e+00
416  7.165351e+03  0.000000e+00
417  7.165811e+03  0.000000e+00
418  7.166270e+03  0.000000e+00
419  7.166729e+03  0.000000e+00
