# Detector:    Gotthard at VonHamos
# DateCreated: 2026-09-02T17:27:29
# N = 176400

0    6.974226e+03  0.000000e+00
1    6.974686e+03  0.000000e+00
2    6.975145e+03  0.000000e+00
3    6.975604e+03  0.000000e+00
4    6.976064e+03  0.000000e+00
5    6.976523e+03  0.000000e+00
6    6.976983e+03  0.000000e+00
7    6.977442e+03  0.000000e+00
8    6.977901e+03  0.000000e+00
9    6.978361e+03  0.000000e+00
10   6.978820e+03  0.000000e+00
11   6.979280e+03  0.000000e+00
12   6.979739e+03  0.000000e+00
13   6.980199e+03  0.000000e+00
14   6.980658e+03  0.000000e+00
15   6.981118e+03  0.000000e+00
16   6.981577e+03  0.000000e+00
17   6.982037e+03  0.000000e+00
18   6.982496e+03  0.000000e+00
19   6.982956e+03  0.000000e+00
20   6.983415e+03  0.000000e+00
21   6.983874e+03  0.000000e+00
22   6.984333e+03  0.000000e+00
23   6.984793e+03  0.000000e+00
24   6.985252e+03  0.000000e+00
25   6.985712e+03  0.000000e+00
26   6.986171e+03  0.000000e+00
27   6.986631e+03  0.000000e+00
28   6.987090e+03  0.000000e+00
29   6.987550e+03  0.000000e+00
30   6.988009e+03  0.000000e+00
31   6.988469e+03  0.000000e+00
32   6.988928e+03  0.000000e+00
33   6.989387e+03  0.000000e+00
34   6.989847e+03  0.000000e+00
35   6.990306e+03  0.000000e+00
36   6.990766e+03  0.000000e+00
37   6.991225e+03  0.000000e+00
38   6.991685e+03  0.000000e+00
39   6.992144e+03  0.000000e+00
40   6.992604e+03  0.000000e+00
41   6.993063e+03  0.000000e+00
42   6.993522e+03  0.000000e+00
43   6.993982e+03  0.000000e+00
44   6.994441e+03  0.000000e+00
45   6.994901e+03  0.000000e+00
46   6.995360e+03  0.000000e+00
47   6.995819e+03  0.000000e+00
48   6.996279e+03  0.000000e+00
49   6.996738e+03  0.000000e+00
50   6.997198e+03  0.000000e+00
51   6.997657e+03  0.000000e+00
52   6.998117e+03  0.000000e+00
53   6.998576e+03  0.000000e+00
54   6.999036e+03  0.000000e+00
55   6.999495e+03  0.000000e+00
56   6.999955e+03  0.000000e+00
57   7.000414e+03  0.000000e+00
58   7.000874e+03  0.000000e+00
59   7.001333e+03  0.000000e+00
60   7.001792e+03  0.000000e+00
61   7.002251e+03  0.000000e+00
62   7.002711e+03  0.000000e+00
63   7.003170e+03  0.000000e+00
64   7.003630e+03  0.000000e+00
65   7.004089e+03  0.000000e+00
66   7.004549e+03  0.000000e+00
67   7.005008e+03  0.000000e+00
68   7.005468e+03  0.000000e+00
69   7.005927e+03  0.000000e+00
70   7.006387e+03  0.000000e+00
71   7.006846e+03  0.000000e+00
72   7.007306e+03  0.000000e+00
73   7.007765e+03  0.000000e+00
74   7.008224e+03 -8.821021e+01
75   7.008684e+03  5.298096e+01
76   7.009143e+03 -2.631326e+02
77   7.009603e+03  7.384180e+01
78   7.010062e+03 -1.163320e+02
79   7.010521e+03  4.961743e+01
80   7.010981e+03  5.335347e+02
81   7.011440e+03 -2.754666e+02
82   7.011900e+03 -5.391052e+02
83   7.012359e+03 -6.560596e+02
84   7.012819e+03  6.163770e+01
85   7.013278e+03  8.388826e+02
86   7.013737e+03 -6.292175e+02
87   7.014197e+03  7.459751e+02
88   7.014656e+03  3.942976e+02
89   7.015116e+03 -4.821724e+02
90   7.015575e+03 -1.902163e+02
91   7.016035e+03  2.749167e+02
92   7.016494e+03  7.657844e+02
93   7.016954e+03  7.702563e+01
94   7.017413e+03  1.008506e+03
95   7.017873e+03 -4.785886e+02
96   7.018332e+03 -6.272422e+02
97   7.018792e+03  4.584360e+02
98   7.019251e+03 -1.129642e+03
99   7.019710e+03  2.571411e+01
100  7.020169e+03 -2.223501e+02
101  7.020629e+03  4.510669e+02
102  7.021088e+03  2.367969e+01
103  7.021548e+03 -8.017349e+02
104  7.022007e+03  5.488174e+02
105  7.022467e+03 -5.729004e+00
106  7.022926e+03  4.288535e+02
107  7.023386e+03  9.302944e+02
108  7.023845e+03 -9.126655e+02
109  7.024305e+03  7.798970e+02
110  7.024764e+03 -3.955615e+01
111  7.025224e+03 -2.346172e+02
112  7.025683e+03 -1.920459e+02
113  7.026142e+03 -3.012446e+02
114  7.026602e+03  5.524492e+02
115  7.027061e+03 -3.062437e+02
116  7.027521e+03  4.140039e+01
117  7.027980e+03  1.039504e+03
118  7.028439e+03  1.772070e+03
119  7.028899e+03  1.051501e+03
120  7.029358e+03 -1.414307e+03
121  7.029818e+03  1.344087e+03
122  7.030277e+03 -8.557676e+02
123  7.030737e+03  1.410418e+03
124  7.031196e+03  1.223065e+03
125  7.031655e+03  8.152148e+01
126  7.032115e+03 -8.940820e+02
127  7.032574e+03 -9.697676e+02
128  7.033034e+03 -1.370109e+03
129  7.033493e+03  1.837861e+02
130  7.033953e+03  1.211447e+03
131  7.034412e+03  2.509316e+02
132  7.034872e+03  1.256563e+02
133  7.035331e+03  2.515625e+02
134  7.035791e+03  2.753529e+03
135  7.036250e+03  1.420719e+03
136  7.036709e+03  7.616758e+02
137  7.037169e+03 -1.507578e+02
138  7.037628e+03 -5.504043e+02
139  7.038087e+03  8.246602e+02
140  7.038547e+03 -3.857516e+03
141  7.039006e+03  9.052734e+01
142  7.039466e+03  1.020465e+03
143  7.039925e+03  3.162074e+03
144  7.040385e+03 -6.493359e+02
145  7.040844e+03  1.845977e+02
146  7.041304e+03 -2.382219e+03
147  7.041763e+03  2.577555e+03
148  7.042223e+03 -3.746133e+03
149  7.042682e+03  4.213289e+03
150  7.043142e+03 -1.399258e+03
151  7.043601e+03 -4.681133e+02
152  7.044060e+03 -4.248281e+02
153  7.044520e+03  5.808906e+02
154  7.044979e+03 -3.614844e+03
155  7.045438e+03 -2.890359e+03
156  7.045898e+03  1.584172e+03
157  7.046357e+03 -2.377117e+03
158  7.046817e+03 -1.396258e+03
159  7.047276e+03  4.574820e+03
160  7.047736e+03  1.329305e+03
161  7.048195e+03  2.712453e+03
162  7.048655e+03 -2.701336e+03
163  7.049114e+03 -2.531875e+02
164  7.049573e+03 -5.022266e+03
165  7.050033e+03  7.149047e+03
166  7.050492e+03 -1.061766e+03
167  7.050952e+03 -2.993727e+03
168  7.051411e+03  2.161250e+02
169  7.051871e+03  1.867938e+03
170  7.052330e+03  3.301141e+03
171  7.052790e+03 -2.947359e+03
172  7.053249e+03  1.215469e+02
173  7.053708e+03 -4.192797e+03
174  7.054168e+03  2.390781e+02
175  7.054627e+03 -2.173406e+03
176  7.055087e+03 -2.731406e+02
177  7.055546e+03 -1.129375e+03
178  7.056005e+03 -7.663125e+02
179  7.056465e+03  8.824375e+02
180  7.056924e+03 -4.809938e+03
181  7.057384e+03 -2.996813e+03
182  7.057843e+03 -1.346556e+04
183  7.058303e+03 -8.674000e+03
184  7.058762e+03  4.120125e+03
185  7.059222e+03 -4.063438e+03
186  7.059681e+03 -7.552656e+03
187  7.060141e+03  6.234063e+02
188  7.060600e+03 -1.586438e+03
189  7.061060e+03 -1.530578e+03
190  7.061519e+03  3.262703e+03
191  7.061978e+03  1.884102e+03
192  7.062438e+03  1.219688e+03
193  7.062897e+03  8.894531e+02
194  7.063356e+03  3.798594e+02
195  7.063816e+03 -8.217969e+01
196  7.064275e+03  6.422266e+01
197  7.064735e+03 -1.808809e+03
198  7.065194e+03 -1.117477e+03
199  7.065654e+03  1.000496e+03
200  7.066113e+03  4.383340e+02
201  7.066573e+03  7.647305e+02
202  7.067032e+03  6.146035e+02
203  7.067491e+03  4.545117e+02
204  7.067951e+03  1.305182e+03
205  7.068410e+03 -2.893301e+02
206  7.068870e+03  1.158406e+03
207  7.069329e+03  9.077617e+02
208  7.069789e+03  2.388424e+03
209  7.070248e+03  1.984043e+02
210  7.070708e+03  7.495957e+02
211  7.071167e+03 -1.731904e+02
212  7.071626e+03  3.227041e+02
213  7.072086e+03 -6.270645e+02
214  7.072545e+03 -8.397734e+02
215  7.073005e+03 -6.833447e+02
216  7.073464e+03  1.912142e+03
217  7.073923e+03 -6.894033e+02
218  7.074383e+03 -4.913770e+01
219  7.074842e+03 -3.252539e+02
220  7.075302e+03 -6.426416e+02
221  7.075761e+03  5.298110e+02
222  7.076221e+03  1.542295e+02
223  7.076680e+03 -1.234754e+03
224  7.077140e+03  1.189956e+02
225  7.077599e+03 -2.380713e+02
226  7.078059e+03  5.213232e+02
227  7.078518e+03 -1.006748e+02
228  7.078978e+03  2.712842e+02
229  7.079437e+03 -3.653271e+02
230  7.079896e+03  1.715752e+02
231  7.080355e+03 -3.574883e+02
232  7.080815e+03 -4.786265e+02
233  7.081274e+03 -3.408228e+02
234  7.081734e+03  2.208486e+02
235  7.082193e+03  5.992549e+02
236  7.082653e+03  5.016689e+02
237  7.083112e+03  2.685703e+02
238  7.083572e+03 -3.690615e+02
239  7.084031e+03  8.837949e+02
240  7.084491e+03  2.743108e+02
241  7.084950e+03  3.492769e+02
242  7.085410e+03  2.591140e+02
243  7.085869e+03  1.907869e+02
244  7.086328e+03  1.968245e+02
245  7.086788e+03 -2.307891e+02
246  7.087247e+03 -3.018625e+02
247  7.087707e+03 -8.509517e+02
248  7.088166e+03 -5.736035e+01
249  7.088625e+03 -9.059707e+02
250  7.089085e+03  7.439199e+02
251  7.089544e+03  4.147158e+02
252  7.090004e+03  1.188446e+03
253  7.090463e+03 -4.383450e+02
254  7.090923e+03  1.152945e+03
255  7.091382e+03 -1.497456e+02
256  7.091841e+03  8.117432e+01
257  7.092301e+03  3.301360e+02
258  7.092760e+03 -7.605029e+01
259  7.093220e+03  3.295977e+02
260  7.093679e+03  4.391348e+02
261  7.094139e+03 -9.460425e+01
262  7.094598e+03 -2.677600e+02
263  7.095058e+03  1.101714e+02
264  7.095517e+03 -3.649934e+02
265  7.095977e+03  2.407073e+02
266  7.096436e+03 -1.799268e+02
267  7.096896e+03 -4.487628e+02
268  7.097355e+03  6.214747e+02
269  7.097814e+03  4.555251e+02
270  7.098273e+03  1.414336e+02
271  7.098733e+03  4.239668e+02
272  7.099192e+03  0.000000e+00
273  7.099652e+03  0.000000e+00
274  7.100111e+03  0.000000e+00
275  7.100571e+03  0.000000e+00
276  7.101030e+03  0.000000e+00
277  7.101490e+03  0.000000e+00
278  7.101949e+03  0.000000e+00
279  7.102409e+03  0.000000e+00
280  7.102868e+03  0.000000e+00
281  7.103328e+03  0.000000e+00
282  7.103787e+03  0.000000e+00
283  7.104246e+03  0.000000e+00
284  7.104706e+03  0.000000e+00
285  7.105165e+03  0.000000e+00
286  7.105625e+03  0.000000e+00
287  7.106084e+03  0.000000e+00
288  7.106543e+03  0.000000e+00
289  7.107003e+03  0.000000e+00
290  7.107462e+03  0.000000e+00
291  7.107922e+03  0.000000e+00
292  7.108381e+03  0.000000e+00
293  7.108841e+03  0.000000e+00
294  7.109300e+03  0.000000e+00
295  7.109759e+03  0.000000e+00
296  7.110219e+03  0.000000e+00
297  7.110678e+03  0.000000e+00
298  7.111138e+03  0.000000e+00
299  7.111597e+03  0.000000e+00
300  7.112057e+03  0.000000e+00
301  7.112516e+03  0.000000e+00
302  7.112976e+03  0.000000e+00
303  7.113435e+03  0.000000e+00
304  7.113895e+03  0.000000e+00
305  7.114354e+03  0.000000e+00
306  7.114813e+03  0.000000e+00
307  7.115273e+03  0.000000e+00
308  7.115732e+03  0.000000e+00
309  7.116191e+03  0.000000e+00
310  7.116651e+03  0.000000e+00
311  7.117110e+03  0.000000e+00
312  7.117570e+03  0.000000e+00
313  7.118029e+03  0.000000e+00
314  7.118489e+03  0.000000e+00
315  7.118948e+03  0.000000e+00
316  7.119408e+03  0.000000e+00
317  7.119867e+03  0.000000e+00
318  7.120327e+03  0.000000e+00
319  7.120786e+03  0.000000e+00
320  7.121246e+03  0.000000e+00
321  7.121705e+03  0.000000e+00
322  7.122164e+03  0.000000e+00
323  7.122624e+03  0.000000e+00
324  7.123083e+03  0.000000e+00
325  7.123542e+03  0.000000e+00
326  7.124002e+03  0.000000e+00
327  7.124461e+03  0.000000e+00
328  7.124921e+03  0.000000e+00
329  7.125380e+03  0.000000e+00
330  7.125840e+03  0.000000e+00
331  7.126299e+03  0.000000e+00
332  7.126759e+03  0.000000e+00
333  7.127218e+03  0.000000e+00
334  7.127678e+03  0.000000e+00
335  7.128137e+03  0.000000e+00
336  7.128596e+03  0.000000e+00
337  7.129056e+03  0.000000e+00
338  7.129515e+03  0.000000e+00
339  7.129975e+03  0.000000e+00
340  7.130434e+03  0.000000e+00
341  7.130894e+03  0.000000e+00
342  7.131353e+03  0.000000e+00
343  7.131813e+03  0.000000e+00
344  7.132272e+03  0.000000e+00
345  7.132731e+03  0.000000e+00
346  7.133191e+03  0.000000e+00
347  7.133650e+03  0.000000e+00
348  7.134109e+03  0.000000e+00
349  7.134569e+03  0.000000e+00
350  7.135028e+03  0.000000e+00
351  7.135488e+03  0.000000e+00
352  7.135947e+03  0.000000e+00
353  7.136407e+03  0.000000e+00
354  7.136866e+03  0.000000e+00
355  7.137326e+03  0.000000e+00
356  7.137785e+03  0.000000e+00
357  7.138245e+03  0.000000e+00
358  7.138704e+03  0.000000e+00
359  7.139164e+03  0.000000e+00
360  7.139623e+03  0.000000e+00
361  7.140082e+03  0.000000e+00
362  7.140542e+03  0.000000e+00
363  7.141001e+03  0.000000e+00
364  7.141460e+03  0.000000e+00
365  7.141920e+03  0.000000e+00
366  7.142379e+03  0.000000e+00
367  7.142839e+03  0.000000e+00
368  7.143298e+03  0.000000e+00
369  7.143758e+03  0.000000e+00
370  7.144217e+03  0.000000e+00
371  7.144677e+03  0.000000e+00
372  7.145136e+03  0.000000e+00
373  7.145596e+03  0.000000e+00
374  7.146055e+03  0.000000e+00
375  7.146514e+03  0.000000e+00
376  7.146974e+03  0.000000e+00
377  7.147433e+03  0.000000e+00
378  7.147893e+03  0.000000e+00
379  7.148352e+03  0.000000e+00
380  7.148812e+03  0.000000e+00
381  7.149271e+03  0.000000e+00
382  7.149730e+03  0.000000e+00
383  7.150190e+03  0.000000e+00
384  7.150649e+03  0.000000e+00
385  7.151109e+03  0.000000e+00
386  7.151568e+03  0.000000e+00
387  7.152027e+03  0.000000e+00
388  7.152487e+03  0.000000e+00
389  7.152946e+03  0.000000e+00
390  7.153406e+03  0.000000e+00
391  7.153865e+03  0.000000e+00
392  7.154325e+03  0.000000e+00
393  7.154784e+03  0.000000e+00
394  7.155244e+03  0.000000e+00
395  7.155703e+03  0.000000e+00
396  7.156163e+03  0.000000e+00
397  7.156622e+03  0.000000e+00
398  7.157082e+03  0.000000e+00
399  7.157541e+03  0.000000e+00
400  7.158000e+03  0.000000e+00
401  7.158459e+03  0.000000e+00
402  7.158919e+03  0.000000e+00
403  7.159378e+03  0.000000e+00
404  7.159838e+03  0.000000e+00
405  7.160297e+03  0.000000e+00
406  7.160757e+03  0.000000e+00
407  7.161216e+03  0.000000e+00
408  7.161676e+03  0.000000e+00
409  7.162135e+03  0.000000e+00
410  7.162595e+03  0.000000e+00
411  7.163054e+03  0.000000e+00
412  7.163514e+03  0.000000e+00
413  7.163973e+03  0.000000e+00
414  7.164432e+03  0.000000e+00
415  7.164892e+03  0.000000e+00
416  7.165351e+03  0.000000e+00
417  7.165811e+03  0.000000e+00
418  7.166270e+03  0.000000e+00
419  7.166729e+03  0.000000e+00
