# Detector:    Gotthard at VonHamos
# DateCreated: 2026-09-02T15:03:39
# N = 176400

0    6.992958e+03  0.000000e+00
1    6.993299e+03  0.000000e+00
2    6.993642e+03  0.000000e+00
3    6.993983e+03  0.000000e+00
4    6.994326e+03  0.000000e+00
5    6.994667e+03  0.000000e+00
6    6.995010e+03  0.000000e+00
7    6.995352e+03  0.000000e+00
8    6.995694e+03  0.000000e+00
9    6.996036e+03  0.000000e+00
10   6.996378e+03  0.000000e+00
11   6.996720e+03  0.000000e+00
12   6.997062e+03  0.000000e+00
13   6.997404e+03  0.000000e+00
14   6.997746e+03  0.000000e+00
15   6.998088e+03  0.000000e+00
16   6.998430e+03  1.867253e+02
17   6.998772e+03 -1.372449e+02
18   6.999114e+03  5.089878e+02
19   6.999456e+03 -3.557926e+02
20   6.999798e+03  4.133475e+02
21   7.000140e+03 -3.183835e+02
22   7.000482e+03 -7.429260e+01
23   7.000824e+03  6.608826e+01
24   7.001166e+03 -9.003735e+01
25   7.001508e+03  4.721412e+02
26   7.001850e+03  2.303997e+02
27   7.002192e+03  6.742932e+02
28   7.002534e+03  4.078134e+02
29   7.002876e+03 -5.515863e+02
30   7.003218e+03 -3.068972e+02
31   7.003560e+03  1.686519e+02
32   7.003902e+03 -1.632983e+02
33   7.004244e+03 -7.983853e+02
34   7.004586e+03 -1.166306e+02
35   7.004928e+03  4.290601e+01
36   7.005271e+03 -6.661597e+01
37   7.005612e+03  8.261965e+02
38   7.005955e+03  2.614412e+02
39   7.006296e+03  2.486001e+02
40   7.006639e+03  9.394287e+01
41   7.006980e+03 -5.616462e+02
42   7.007323e+03  3.213469e+02
43   7.007665e+03  2.071121e+02
44   7.008006e+03  1.991719e+02
45   7.008349e+03 -2.216433e+02
46   7.008690e+03  9.368760e+02
47   7.009033e+03  1.187188e+02
48   7.009375e+03 -1.010825e+03
49   7.009717e+03 -1.305803e+02
50   7.010059e+03 -2.523762e+02
51   7.010401e+03  7.730881e+02
52   7.010743e+03 -8.551821e+02
53   7.011085e+03 -1.517595e+02
54   7.011427e+03  4.156323e+01
55   7.011769e+03 -5.475259e+02
56   7.012111e+03  4.204944e+02
57   7.012453e+03  1.609690e+02
58   7.012795e+03  3.334692e+02
59   7.013137e+03  7.320483e+01
60   7.013479e+03  1.234729e+02
61   7.013821e+03  3.448430e+02
62   7.014163e+03  7.562959e+02
63   7.014505e+03 -3.277832e+01
64   7.014847e+03 -1.704661e+02
65   7.015189e+03  4.861189e+02
66   7.015531e+03 -4.808628e+02
67   7.015873e+03 -1.216381e+03
68   7.016215e+03 -7.227712e+02
69   7.016557e+03  3.554399e+02
70   7.016899e+03  3.361987e+02
71   7.017241e+03  6.232705e+02
72   7.017583e+03 -7.484668e+01
73   7.017925e+03 -5.416699e+01
74   7.018267e+03  2.079009e+02
75   7.018609e+03 -1.691357e+02
76   7.018951e+03 -7.987666e+02
77   7.019293e+03  1.019761e+02
78   7.019635e+03  4.990283e+01
79   7.019978e+03  4.568530e+02
80   7.020319e+03  1.707451e+02
81   7.020662e+03 -2.931348e+01
82   7.021003e+03 -5.002095e+02
83   7.021346e+03 -4.296123e+02
84   7.021688e+03 -4.187441e+02
85   7.022030e+03 -8.303823e+02
86   7.022372e+03 -8.729492e+00
87   7.022713e+03  6.162158e+01
88   7.023056e+03 -6.533506e+02
89   7.023397e+03  1.157626e+03
90   7.023740e+03 -9.775254e+02
91   7.024082e+03  1.587172e+03
92   7.024424e+03  2.285630e+02
93   7.024766e+03  9.856011e+02
94   7.025108e+03  1.064595e+02
95   7.025450e+03 -7.632715e+01
96   7.025792e+03  1.020214e+03
97   7.026134e+03 -7.208730e+02
98   7.026476e+03 -9.390166e+02
99   7.026818e+03  1.829092e+02
100  7.027160e+03  3.517803e+02
101  7.027502e+03  6.476689e+02
102  7.027844e+03  4.949697e+02
103  7.028186e+03  4.345508e+02
104  7.028528e+03 -2.298945e+02
105  7.028870e+03 -3.186895e+02
106  7.029212e+03 -7.185410e+02
107  7.029554e+03 -9.318916e+02
108  7.029896e+03  1.982451e+02
109  7.030238e+03  3.081602e+02
110  7.030580e+03  5.807480e+02
111  7.030922e+03 -1.469404e+02
112  7.031264e+03  7.091504e+01
113  7.031606e+03 -4.883281e+02
114  7.031948e+03  1.305283e+02
115  7.032291e+03 -1.945259e+03
116  7.032632e+03 -4.304219e+02
117  7.032974e+03  9.484648e+02
118  7.033316e+03  1.666113e+02
119  7.033658e+03 -1.426758e+01
120  7.034000e+03 -2.205504e+03
121  7.034342e+03 -1.890121e+03
122  7.034685e+03  1.617607e+03
123  7.035026e+03  5.569434e+02
124  7.035369e+03  2.205656e+03
125  7.035710e+03 -2.349752e+03
126  7.036053e+03  2.282813e+02
127  7.036395e+03 -3.907754e+02
128  7.036737e+03 -1.443414e+03
129  7.037079e+03  2.335473e+03
130  7.037421e+03  2.457676e+03
131  7.037763e+03 -2.823477e+03
132  7.038104e+03 -7.223594e+02
133  7.038447e+03  1.548672e+03
134  7.038789e+03  2.125273e+02
135  7.039131e+03  2.547793e+03
136  7.039473e+03  1.808578e+03
137  7.039815e+03 -1.319793e+03
138  7.040157e+03  1.348680e+03
139  7.040499e+03  4.717344e+02
140  7.040841e+03  8.231445e+02
141  7.041183e+03  2.258785e+03
142  7.041525e+03  1.018992e+03
143  7.041867e+03  3.978059e+03
144  7.042209e+03 -2.464043e+03
145  7.042551e+03  2.086727e+03
146  7.042893e+03  3.522438e+03
147  7.043235e+03  5.350422e+03
148  7.043577e+03 -1.580547e+02
149  7.043919e+03  5.044281e+03
150  7.044261e+03  5.397992e+03
151  7.044603e+03  5.043578e+03
152  7.044945e+03  4.482391e+03
153  7.045287e+03  6.596266e+03
154  7.045629e+03 -1.938422e+03
155  7.045971e+03  9.845273e+03
156  7.046313e+03  3.535008e+03
157  7.046655e+03  6.820000e+02
158  7.046998e+03  1.223445e+03
159  7.047339e+03  3.635938e+02
160  7.047681e+03  7.865641e+03
161  7.048023e+03  3.223969e+03
162  7.048365e+03 -6.903906e+01
163  7.048708e+03  2.767281e+03
164  7.049049e+03 -4.058219e+03
165  7.049392e+03 -1.599609e+03
166  7.049733e+03  2.840844e+03
167  7.050076e+03 -1.855563e+03
168  7.050417e+03 -6.562609e+03
169  7.050760e+03  5.204219e+02
170  7.051102e+03 -8.591563e+02
171  7.051444e+03 -8.563641e+03
172  7.051786e+03 -7.747453e+03
173  7.052128e+03 -7.139016e+03
174  7.052470e+03 -3.687016e+03
175  7.052812e+03 -5.128125e+03
176  7.053154e+03 -8.387797e+03
177  7.053496e+03 -1.013563e+03
178  7.053838e+03 -2.643281e+03
179  7.054180e+03 -9.959984e+03
180  7.054522e+03 -2.159906e+03
181  7.054864e+03 -1.718813e+03
182  7.055206e+03 -1.395375e+04
183  7.055548e+03 -5.371813e+03
184  7.055890e+03 -1.779925e+04
185  7.056232e+03 -1.991666e+04
186  7.056574e+03 -1.933481e+04
187  7.056916e+03 -2.966213e+04
188  7.057258e+03 -3.527013e+04
189  7.057600e+03 -3.513844e+04
190  7.057942e+03 -4.077050e+04
191  7.058284e+03 -3.237944e+04
192  7.058626e+03 -3.030569e+04
193  7.058968e+03 -2.054306e+04
194  7.059310e+03 -8.763250e+03
195  7.059652e+03  1.894375e+04
196  7.059994e+03  2.285416e+04
197  7.060336e+03  3.100416e+04
198  7.060678e+03  2.949588e+04
199  7.061021e+03  2.945942e+04
200  7.061362e+03  2.371042e+04
201  7.061705e+03  2.173359e+04
202  7.062046e+03  1.704020e+04
203  7.062388e+03  6.825703e+03
204  7.062730e+03  7.711453e+03
205  7.063072e+03  3.858648e+03
206  7.063415e+03  2.650336e+03
207  7.063756e+03  3.067766e+03
208  7.064099e+03  3.565855e+03
209  7.064440e+03  3.932863e+03
210  7.064783e+03 -1.774660e+03
211  7.065125e+03  1.393375e+03
212  7.065467e+03  4.855742e+02
213  7.065809e+03  4.118238e+03
214  7.066151e+03  1.306250e+01
215  7.066493e+03 -6.814648e+02
216  7.066835e+03  1.704316e+03
217  7.067177e+03  3.898656e+03
218  7.067519e+03  1.412113e+03
219  7.067861e+03  1.587990e+03
220  7.068203e+03  9.313691e+02
221  7.068545e+03  2.196098e+03
222  7.068887e+03  7.671289e+01
223  7.069229e+03  2.181250e+01
224  7.069571e+03  2.069006e+03
225  7.069913e+03  2.067848e+03
226  7.070255e+03 -1.043994e+03
227  7.070597e+03  1.115732e+03
228  7.070939e+03 -1.763348e+03
229  7.071281e+03  1.888760e+03
230  7.071623e+03 -5.722354e+02
231  7.071965e+03  8.568535e+02
232  7.072307e+03  2.621101e+03
233  7.072649e+03 -1.035500e+03
234  7.072991e+03  4.162285e+02
235  7.073333e+03  2.230931e+03
236  7.073675e+03  3.929102e+02
237  7.074017e+03  4.504404e+02
238  7.074359e+03  4.613105e+02
239  7.074701e+03 -4.516543e+02
240  7.075043e+03  2.202920e+03
241  7.075385e+03  9.228281e+02
242  7.075728e+03 -8.124316e+01
243  7.076069e+03 -2.470420e+02
244  7.076412e+03  9.108779e+02
245  7.076753e+03 -5.135459e+02
246  7.077095e+03 -1.248682e+03
247  7.077438e+03 -5.637148e+02
248  7.077779e+03 -1.402672e+03
249  7.078122e+03  1.120315e+03
250  7.078463e+03 -5.991895e+02
251  7.078806e+03 -1.357168e+02
252  7.079147e+03  6.281250e+00
253  7.079490e+03  7.387695e-01
254  7.079832e+03  7.208594e+01
255  7.080174e+03 -1.217130e+03
256  7.080516e+03 -6.589990e+01
257  7.080858e+03 -5.128511e+02
258  7.081200e+03 -1.440953e+03
259  7.081542e+03  1.142424e+03
260  7.081884e+03 -1.233037e+02
261  7.082226e+03  6.783071e+02
262  7.082568e+03  7.530176e+01
263  7.082910e+03 -2.653052e+02
264  7.083252e+03  1.966880e+02
265  7.083594e+03 -3.002051e+02
266  7.083936e+03  6.147026e+02
267  7.084278e+03 -3.555171e+02
268  7.084620e+03  7.893989e+02
269  7.084962e+03 -7.382979e+02
270  7.085304e+03  7.501826e+02
271  7.085646e+03 -3.256841e+02
272  7.085988e+03  1.504873e+02
273  7.086330e+03 -1.138635e+03
274  7.086672e+03  1.086332e+03
275  7.087014e+03 -4.943340e+02
276  7.087356e+03 -5.739048e+02
277  7.087698e+03 -2.888940e+01
278  7.088040e+03  4.187942e+02
279  7.088382e+03 -6.481108e+02
280  7.088724e+03  2.943276e+02
281  7.089066e+03  6.508767e+02
282  7.089408e+03 -2.556826e+02
283  7.089750e+03 -4.376970e+02
284  7.090092e+03 -1.092399e+03
285  7.090435e+03  7.763821e+02
286  7.090776e+03  1.818572e+02
287  7.091119e+03  9.281738e+01
288  7.091460e+03  1.527813e+02
289  7.091803e+03  3.126272e+02
290  7.092145e+03 -5.567202e+02
291  7.092486e+03 -3.552686e+01
292  7.092829e+03 -5.867200e+02
293  7.093170e+03  3.116692e+02
294  7.093513e+03 -3.381487e+02
295  7.093854e+03 -1.094045e+02
296  7.094197e+03  1.765085e+02
297  7.094539e+03  0.000000e+00
298  7.094881e+03  0.000000e+00
299  7.095223e+03  0.000000e+00
300  7.095565e+03  0.000000e+00
301  7.095907e+03  0.000000e+00
302  7.096249e+03  0.000000e+00
303  7.096591e+03  0.000000e+00
304  7.096933e+03  0.000000e+00
305  7.097275e+03  0.000000e+00
306  7.097617e+03  0.000000e+00
307  7.097959e+03  0.000000e+00
308  7.098301e+03  0.000000e+00
309  7.098643e+03  0.000000e+00
310  7.098985e+03  0.000000e+00
311  7.099327e+03  0.000000e+00
312  7.099669e+03  0.000000e+00
313  7.100011e+03  0.000000e+00
314  7.100353e+03  0.000000e+00
315  7.100695e+03  0.000000e+00
316  7.101037e+03  0.000000e+00
317  7.101379e+03  0.000000e+00
318  7.101721e+03  0.000000e+00
319  7.102063e+03  0.000000e+00
320  7.102405e+03  0.000000e+00
321  7.102747e+03  0.000000e+00
322  7.103089e+03  0.000000e+00
323  7.103431e+03  0.000000e+00
324  7.103773e+03  0.000000e+00
325  7.104115e+03  0.000000e+00
326  7.104458e+03  0.000000e+00
327  7.104799e+03  0.000000e+00
328  7.105142e+03  0.000000e+00
329  7.105483e+03  0.000000e+00
330  7.105826e+03  0.000000e+00
331  7.106167e+03  0.000000e+00
332  7.106510e+03  0.000000e+00
333  7.106852e+03  0.000000e+00
334  7.107193e+03  0.000000e+00
335  7.107536e+03  0.000000e+00
336  7.107877e+03  0.000000e+00
337  7.108220e+03  0.000000e+00
338  7.108562e+03  0.000000e+00
339  7.108904e+03  0.000000e+00
340  7.109246e+03  0.000000e+00
341  7.109588e+03  0.000000e+00
342  7.109930e+03  0.000000e+00
343  7.110272e+03  0.000000e+00
344  7.110614e+03  0.000000e+00
345  7.110956e+03  0.000000e+00
346  7.111298e+03  0.000000e+00
347  7.111640e+03  0.000000e+00
348  7.111982e+03  0.000000e+00
349  7.112324e+03  0.000000e+00
350  7.112666e+03  0.000000e+00
351  7.113008e+03  0.000000e+00
352  7.113350e+03  0.000000e+00
353  7.113692e+03  0.000000e+00
354  7.114034e+03  0.000000e+00
355  7.114376e+03  0.000000e+00
356  7.114718e+03  0.000000e+00
357  7.115060e+03  0.000000e+00
358  7.115402e+03  0.000000e+00
359  7.115744e+03  0.000000e+00
360  7.116086e+03  0.000000e+00
361  7.116428e+03  0.000000e+00
362  7.116770e+03  0.000000e+00
363  7.117112e+03  0.000000e+00
364  7.117454e+03  0.000000e+00
365  7.117796e+03  0.000000e+00
366  7.118138e+03  0.000000e+00
367  7.118480e+03  0.000000e+00
368  7.118822e+03  0.000000e+00
369  7.119165e+03  0.000000e+00
370  7.119506e+03  0.000000e+00
371  7.119849e+03  0.000000e+00
372  7.120190e+03  0.000000e+00
373  7.120533e+03  0.000000e+00
374  7.120875e+03  0.000000e+00
375  7.121217e+03  0.000000e+00
376  7.121559e+03  0.000000e+00
377  7.121900e+03  0.000000e+00
378  7.122243e+03  0.000000e+00
379  7.122584e+03  0.000000e+00
380  7.122927e+03  0.000000e+00
381  7.123269e+03  0.000000e+00
382  7.123611e+03  0.000000e+00
383  7.123953e+03  0.000000e+00
384  7.124295e+03  0.000000e+00
385  7.124637e+03  0.000000e+00
386  7.124979e+03  0.000000e+00
387  7.125321e+03  0.000000e+00
388  7.125663e+03  0.000000e+00
389  7.126005e+03  0.000000e+00
390  7.126347e+03  0.000000e+00
391  7.126689e+03  0.000000e+00
392  7.127031e+03  0.000000e+00
393  7.127373e+03  0.000000e+00
394  7.127715e+03  0.000000e+00
395  7.128057e+03  0.000000e+00
396  7.128399e+03  0.000000e+00
397  7.128741e+03  0.000000e+00
398  7.129083e+03  0.000000e+00
399  7.129425e+03  0.000000e+00
400  7.129767e+03  0.000000e+00
401  7.130109e+03  0.000000e+00
402  7.130451e+03  0.000000e+00
403  7.130793e+03  0.000000e+00
404  7.131135e+03  0.000000e+00
405  7.131477e+03  0.000000e+00
406  7.131819e+03  0.000000e+00
407  7.132161e+03  0.000000e+00
408  7.132503e+03  0.000000e+00
409  7.132845e+03  0.000000e+00
410  7.133188e+03  0.000000e+00
411  7.133529e+03  0.000000e+00
412  7.133872e+03  0.000000e+00
413  7.134213e+03  0.000000e+00
414  7.134556e+03  0.000000e+00
415  7.134897e+03  0.000000e+00
416  7.135240e+03  0.000000e+00
417  7.135582e+03  0.000000e+00
418  7.135924e+03  0.000000e+00
419  7.136266e+03  0.000000e+00
