# Detector:    Gotthard at VonHamos
# DateCreated: 2026-09-02T15:20:24
# N = 176400

0    6.992958e+03  0.000000e+00
1    6.993299e+03  0.000000e+00
2    6.993642e+03  0.000000e+00
3    6.993983e+03  0.000000e+00
4    6.994326e+03  0.000000e+00
5    6.994667e+03  0.000000e+00
6    6.995010e+03  0.000000e+00
7    6.995352e+03  0.000000e+00
8    6.995694e+03  0.000000e+00
9    6.996036e+03  0.000000e+00
10   6.996378e+03  0.000000e+00
11   6.996720e+03  0.000000e+00
12   6.997062e+03  0.000000e+00
13   6.997404e+03  0.000000e+00
14   6.997746e+03  0.000000e+00
15   6.998088e+03  0.000000e+00
16   6.998430e+03 -5.726108e+02
17   6.998772e+03  4.103051e+02
18   6.999114e+03 -2.609224e+02
19   6.999456e+03  9.773926e+00
20   6.999798e+03 -1.804248e+01
21   7.000140e+03 -5.772826e+02
22   7.000482e+03 -9.251509e+02
23   7.000824e+03 -4.574414e+02
24   7.001166e+03  7.463639e+02
25   7.001508e+03  4.637170e+02
26   7.001850e+03 -6.140968e+02
27   7.002192e+03  6.387354e+02
28   7.002534e+03 -9.655343e+02
29   7.002876e+03  1.033490e+03
30   7.003218e+03  1.161803e+02
31   7.003560e+03 -1.208026e+03
32   7.003902e+03  1.065953e+03
33   7.004244e+03  6.084807e+02
34   7.004586e+03 -1.020586e+03
35   7.004928e+03 -2.354373e+02
36   7.005271e+03  1.185984e+03
37   7.005612e+03 -1.407940e+03
38   7.005955e+03 -2.708716e+03
39   7.006296e+03 -1.168558e+03
40   7.006639e+03 -2.134281e+03
41   7.006980e+03 -1.913964e+03
42   7.007323e+03  1.686855e+03
43   7.007665e+03 -1.328702e+03
44   7.008006e+03 -6.547283e+02
45   7.008349e+03  1.749578e+02
46   7.008690e+03 -2.151335e+03
47   7.009033e+03 -9.366260e+01
48   7.009375e+03 -1.093862e+03
49   7.009717e+03 -4.822837e+02
50   7.010059e+03  5.310640e+02
51   7.010401e+03 -1.246653e+03
52   7.010743e+03  5.520901e+02
53   7.011085e+03 -2.366951e+03
54   7.011427e+03 -2.726367e+01
55   7.011769e+03 -6.853044e+02
56   7.012111e+03 -2.518682e+02
57   7.012453e+03  8.809089e+02
58   7.012795e+03 -7.768848e+01
59   7.013137e+03  4.207737e+02
60   7.013479e+03  2.190740e+03
61   7.013821e+03  1.659879e+03
62   7.014163e+03 -1.755156e+02
63   7.014505e+03  1.195050e+03
64   7.014847e+03 -7.240918e+01
65   7.015189e+03 -1.051296e+03
66   7.015531e+03  1.314241e+02
67   7.015873e+03  2.023273e+03
68   7.016215e+03  1.422737e+03
69   7.016557e+03 -2.381445e+01
70   7.016899e+03 -1.428334e+03
71   7.017241e+03 -2.538619e+03
72   7.017583e+03  1.680813e+03
73   7.017925e+03  3.178633e+03
74   7.018267e+03  1.411661e+03
75   7.018609e+03  5.785205e+02
76   7.018951e+03 -2.849650e+03
77   7.019293e+03  2.608564e+03
78   7.019635e+03 -1.114648e+01
79   7.019978e+03  2.228726e+02
80   7.020319e+03  6.440088e+02
81   7.020662e+03 -8.504297e+01
82   7.021003e+03 -1.630927e+03
83   7.021346e+03  1.267573e+03
84   7.021688e+03 -6.605376e+02
85   7.022030e+03  2.298940e+02
86   7.022372e+03 -3.009211e+03
87   7.022713e+03  2.333146e+03
88   7.023056e+03  1.840833e+03
89   7.023397e+03 -1.325868e+03
90   7.023740e+03 -7.089453e+02
91   7.024082e+03 -1.850727e+03
92   7.024424e+03  1.264194e+03
93   7.024766e+03 -1.704028e+03
94   7.025108e+03  7.742090e+02
95   7.025450e+03  4.998857e+02
96   7.025792e+03 -4.612402e+02
97   7.026134e+03  2.103094e+03
98   7.026476e+03 -1.580430e+03
99   7.026818e+03  7.421758e+02
100  7.027160e+03  4.778604e+02
101  7.027502e+03 -4.190723e+01
102  7.027844e+03 -7.607227e+02
103  7.028186e+03  1.752584e+03
104  7.028528e+03 -3.965625e+02
105  7.028870e+03  8.823271e+02
106  7.029212e+03  8.601582e+02
107  7.029554e+03  3.606155e+03
108  7.029896e+03  1.398754e+03
109  7.030238e+03  1.591768e+02
110  7.030580e+03  5.319060e+03
111  7.030922e+03 -6.758779e+02
112  7.031264e+03 -3.441451e+03
113  7.031606e+03 -4.952520e+02
114  7.031948e+03 -3.555048e+03
115  7.032291e+03 -1.184005e+03
116  7.032632e+03 -2.810645e+02
117  7.032974e+03  2.871934e+02
118  7.033316e+03  5.831043e+03
119  7.033658e+03  6.353869e+03
120  7.034000e+03 -2.315379e+03
121  7.034342e+03 -6.373256e+03
122  7.034685e+03 -3.729402e+03
123  7.035026e+03 -8.912949e+02
124  7.035369e+03  2.775467e+03
125  7.035710e+03 -2.755705e+03
126  7.036053e+03 -3.906182e+03
127  7.036395e+03  1.491193e+03
128  7.036737e+03  1.067754e+03
129  7.037079e+03  8.284941e+03
130  7.037421e+03  3.199586e+03
131  7.037763e+03  1.315324e+03
132  7.038104e+03  1.577777e+03
133  7.038447e+03  1.133176e+04
134  7.038789e+03  3.232895e+03
135  7.039131e+03  1.315797e+04
136  7.039473e+03  4.975898e+03
137  7.039815e+03 -2.308926e+03
138  7.040157e+03  6.656043e+03
139  7.040499e+03  9.727344e+01
140  7.040841e+03  8.212508e+03
141  7.041183e+03  8.692555e+03
142  7.041525e+03  1.448919e+04
143  7.041867e+03  1.368348e+04
144  7.042209e+03  1.526570e+04
145  7.042551e+03  1.940539e+04
146  7.042893e+03  2.245409e+04
147  7.043235e+03  2.147677e+04
148  7.043577e+03  2.504071e+04
149  7.043919e+03  2.693081e+04
150  7.044261e+03  2.214295e+04
151  7.044603e+03  3.144295e+04
152  7.044945e+03  3.371147e+04
153  7.045287e+03  2.800472e+04
154  7.045629e+03  1.917073e+04
155  7.045971e+03  2.757972e+04
156  7.046313e+03  1.505685e+04
157  7.046655e+03  1.520833e+04
158  7.046998e+03  1.081913e+04
159  7.047339e+03  1.794501e+04
160  7.047681e+03  1.151425e+04
161  7.048023e+03  1.622081e+04
162  7.048365e+03  1.592673e+04
163  7.048708e+03  3.335727e+03
164  7.049049e+03 -1.199328e+03
165  7.049392e+03  6.761063e+03
166  7.049733e+03  1.502438e+03
167  7.050076e+03 -1.289656e+04
168  7.050417e+03 -2.721886e+04
169  7.050760e+03 -1.381227e+04
170  7.051102e+03 -1.609458e+04
171  7.051444e+03 -1.687514e+04
172  7.051786e+03 -1.269011e+04
173  7.052128e+03 -1.866816e+04
174  7.052470e+03 -2.299964e+04
175  7.052812e+03 -3.840697e+04
176  7.053154e+03 -1.208203e+03
177  7.053496e+03 -8.405906e+03
178  7.053838e+03 -1.616580e+04
179  7.054180e+03 -1.839497e+04
180  7.054522e+03 -1.866817e+04
181  7.054864e+03 -3.319138e+04
182  7.055206e+03 -4.847531e+04
183  7.055548e+03 -5.383806e+04
184  7.055890e+03 -6.371463e+04
185  7.056232e+03 -8.463453e+04
186  7.056574e+03 -1.026812e+05
187  7.056916e+03 -1.482531e+05
188  7.057258e+03 -1.697724e+05
189  7.057600e+03 -1.700804e+05
190  7.057942e+03 -1.736194e+05
191  7.058284e+03 -1.526224e+05
192  7.058626e+03 -1.280586e+05
193  7.058968e+03 -4.728619e+04
194  7.059310e+03 -6.560313e+03
195  7.059652e+03  7.971088e+04
196  7.059994e+03  1.016362e+05
197  7.060336e+03  1.278853e+05
198  7.060678e+03  1.406683e+05
199  7.061021e+03  1.367528e+05
200  7.061362e+03  1.190256e+05
201  7.061705e+03  8.440961e+04
202  7.062046e+03  6.325206e+04
203  7.062388e+03  4.929765e+04
204  7.062730e+03  4.129227e+04
205  7.063072e+03  2.943661e+04
206  7.063415e+03  2.674191e+04
207  7.063756e+03  1.591695e+04
208  7.064099e+03  1.658268e+04
209  7.064440e+03  8.768418e+03
210  7.064783e+03  1.044309e+04
211  7.065125e+03  2.074668e+04
212  7.065467e+03  1.229393e+04
213  7.065809e+03  3.226980e+03
214  7.066151e+03  8.447152e+03
215  7.066493e+03  7.620738e+03
216  7.066835e+03  6.636055e+03
217  7.067177e+03  2.490057e+03
218  7.067519e+03  3.515938e+02
219  7.067861e+03  1.613418e+02
220  7.068203e+03  3.801914e+03
221  7.068545e+03  6.272188e+03
222  7.068887e+03 -9.844277e+02
223  7.069229e+03  5.650318e+03
224  7.069571e+03  2.965711e+03
225  7.069913e+03  9.272500e+02
226  7.070255e+03 -1.167846e+03
227  7.070597e+03 -1.316936e+03
228  7.070939e+03  8.592090e+02
229  7.071281e+03 -1.695684e+03
230  7.071623e+03  1.591256e+03
231  7.071965e+03 -2.360029e+02
232  7.072307e+03  4.039840e+03
233  7.072649e+03 -2.078463e+03
234  7.072991e+03  1.707195e+03
235  7.073333e+03 -5.179951e+02
236  7.073675e+03 -5.750828e+03
237  7.074017e+03  2.256817e+03
238  7.074359e+03 -3.914932e+02
239  7.074701e+03  2.442187e+03
240  7.075043e+03  3.345782e+03
241  7.075385e+03 -5.751963e+02
242  7.075728e+03 -1.583363e+03
243  7.076069e+03  2.574092e+03
244  7.076412e+03 -5.858135e+02
245  7.076753e+03  1.077148e+01
246  7.077095e+03  1.191695e+03
247  7.077438e+03  2.027559e+02
248  7.077779e+03  2.019218e+03
249  7.078122e+03 -1.434905e+03
250  7.078463e+03 -2.779053e+02
251  7.078806e+03 -1.674173e+03
252  7.079147e+03  2.792429e+03
253  7.079490e+03 -1.261699e+03
254  7.079832e+03 -1.747269e+03
255  7.080174e+03  3.088338e+03
256  7.080516e+03  1.713253e+03
257  7.080858e+03 -2.597080e+02
258  7.081200e+03 -7.410117e+02
259  7.081542e+03  1.709370e+02
260  7.081884e+03  2.569980e+02
261  7.082226e+03  1.275119e+03
262  7.082568e+03  2.807983e+02
263  7.082910e+03 -3.867651e+02
264  7.083252e+03  1.545961e+03
265  7.083594e+03  2.045557e+01
266  7.083936e+03  2.945639e+03
267  7.084278e+03 -1.673719e+03
268  7.084620e+03 -2.341313e+02
269  7.084962e+03  2.012430e+03
270  7.085304e+03 -2.334217e+03
271  7.085646e+03 -1.514127e+03
272  7.085988e+03  1.454447e+03
273  7.086330e+03 -9.732295e+02
274  7.086672e+03 -1.141213e+03
275  7.087014e+03 -4.360469e+02
276  7.087356e+03  2.925522e+02
277  7.087698e+03  6.315374e+02
278  7.088040e+03  1.022416e+03
279  7.088382e+03  5.570703e+01
280  7.088724e+03 -1.184856e+03
281  7.089066e+03 -5.574231e+02
282  7.089408e+03  2.161267e+03
283  7.089750e+03  1.392942e+03
284  7.090092e+03 -2.055835e+02
285  7.090435e+03  2.721125e+02
286  7.090776e+03 -6.709639e+02
287  7.091119e+03 -1.441938e+03
288  7.091460e+03  1.349738e+03
289  7.091803e+03 -8.596631e+02
290  7.092145e+03  1.295497e+03
291  7.092486e+03 -3.036462e+02
292  7.092829e+03  2.267310e+02
293  7.093170e+03 -1.056350e+03
294  7.093513e+03  8.798877e+02
295  7.093854e+03 -9.199451e+02
296  7.094197e+03 -3.776755e+02
297  7.094539e+03  0.000000e+00
298  7.094881e+03  0.000000e+00
299  7.095223e+03  0.000000e+00
300  7.095565e+03  0.000000e+00
301  7.095907e+03  0.000000e+00
302  7.096249e+03  0.000000e+00
303  7.096591e+03  0.000000e+00
304  7.096933e+03  0.000000e+00
305  7.097275e+03  0.000000e+00
306  7.097617e+03  0.000000e+00
307  7.097959e+03  0.000000e+00
308  7.098301e+03  0.000000e+00
309  7.098643e+03  0.000000e+00
310  7.098985e+03  0.000000e+00
311  7.099327e+03  0.000000e+00
312  7.099669e+03  0.000000e+00
313  7.100011e+03  0.000000e+00
314  7.100353e+03  0.000000e+00
315  7.100695e+03  0.000000e+00
316  7.101037e+03  0.000000e+00
317  7.101379e+03  0.000000e+00
318  7.101721e+03  0.000000e+00
319  7.102063e+03  0.000000e+00
320  7.102405e+03  0.000000e+00
321  7.102747e+03  0.000000e+00
322  7.103089e+03  0.000000e+00
323  7.103431e+03  0.000000e+00
324  7.103773e+03  0.000000e+00
325  7.104115e+03  0.000000e+00
326  7.104458e+03  0.000000e+00
327  7.104799e+03  0.000000e+00
328  7.105142e+03  0.000000e+00
329  7.105483e+03  0.000000e+00
330  7.105826e+03  0.000000e+00
331  7.106167e+03  0.000000e+00
332  7.106510e+03  0.000000e+00
333  7.106852e+03  0.000000e+00
334  7.107193e+03  0.000000e+00
335  7.107536e+03  0.000000e+00
336  7.107877e+03  0.000000e+00
337  7.108220e+03  0.000000e+00
338  7.108562e+03  0.000000e+00
339  7.108904e+03  0.000000e+00
340  7.109246e+03  0.000000e+00
341  7.109588e+03  0.000000e+00
342  7.109930e+03  0.000000e+00
343  7.110272e+03  0.000000e+00
344  7.110614e+03  0.000000e+00
345  7.110956e+03  0.000000e+00
346  7.111298e+03  0.000000e+00
347  7.111640e+03  0.000000e+00
348  7.111982e+03  0.000000e+00
349  7.112324e+03  0.000000e+00
350  7.112666e+03  0.000000e+00
351  7.113008e+03  0.000000e+00
352  7.113350e+03  0.000000e+00
353  7.113692e+03  0.000000e+00
354  7.114034e+03  0.000000e+00
355  7.114376e+03  0.000000e+00
356  7.114718e+03  0.000000e+00
357  7.115060e+03  0.000000e+00
358  7.115402e+03  0.000000e+00
359  7.115744e+03  0.000000e+00
360  7.116086e+03  0.000000e+00
361  7.116428e+03  0.000000e+00
362  7.116770e+03  0.000000e+00
363  7.117112e+03  0.000000e+00
364  7.117454e+03  0.000000e+00
365  7.117796e+03  0.000000e+00
366  7.118138e+03  0.000000e+00
367  7.118480e+03  0.000000e+00
368  7.118822e+03  0.000000e+00
369  7.119165e+03  0.000000e+00
370  7.119506e+03  0.000000e+00
371  7.119849e+03  0.000000e+00
372  7.120190e+03  0.000000e+00
373  7.120533e+03  0.000000e+00
374  7.120875e+03  0.000000e+00
375  7.121217e+03  0.000000e+00
376  7.121559e+03  0.000000e+00
377  7.121900e+03  0.000000e+00
378  7.122243e+03  0.000000e+00
379  7.122584e+03  0.000000e+00
380  7.122927e+03  0.000000e+00
381  7.123269e+03  0.000000e+00
382  7.123611e+03  0.000000e+00
383  7.123953e+03  0.000000e+00
384  7.124295e+03  0.000000e+00
385  7.124637e+03  0.000000e+00
386  7.124979e+03  0.000000e+00
387  7.125321e+03  0.000000e+00
388  7.125663e+03  0.000000e+00
389  7.126005e+03  0.000000e+00
390  7.126347e+03  0.000000e+00
391  7.126689e+03  0.000000e+00
392  7.127031e+03  0.000000e+00
393  7.127373e+03  0.000000e+00
394  7.127715e+03  0.000000e+00
395  7.128057e+03  0.000000e+00
396  7.128399e+03  0.000000e+00
397  7.128741e+03  0.000000e+00
398  7.129083e+03  0.000000e+00
399  7.129425e+03  0.000000e+00
400  7.129767e+03  0.000000e+00
401  7.130109e+03  0.000000e+00
402  7.130451e+03  0.000000e+00
403  7.130793e+03  0.000000e+00
404  7.131135e+03  0.000000e+00
405  7.131477e+03  0.000000e+00
406  7.131819e+03  0.000000e+00
407  7.132161e+03  0.000000e+00
408  7.132503e+03  0.000000e+00
409  7.132845e+03  0.000000e+00
410  7.133188e+03  0.000000e+00
411  7.133529e+03  0.000000e+00
412  7.133872e+03  0.000000e+00
413  7.134213e+03  0.000000e+00
414  7.134556e+03  0.000000e+00
415  7.134897e+03  0.000000e+00
416  7.135240e+03  0.000000e+00
417  7.135582e+03  0.000000e+00
418  7.135924e+03  0.000000e+00
419  7.136266e+03  0.000000e+00
