# Detector:    Gotthard at VonHamos
# DateCreated: 2026-09-02T15:00:53
# N = 176400

0    6.992958e+03  0.000000e+00
1    6.993299e+03  0.000000e+00
2    6.993642e+03  0.000000e+00
3    6.993983e+03  0.000000e+00
4    6.994326e+03  0.000000e+00
5    6.994667e+03  0.000000e+00
6    6.995010e+03  0.000000e+00
7    6.995352e+03  0.000000e+00
8    6.995694e+03  0.000000e+00
9    6.996036e+03  0.000000e+00
10   6.996378e+03  0.000000e+00
11   6.996720e+03  0.000000e+00
12   6.997062e+03  0.000000e+00
13   6.997404e+03  0.000000e+00
14   6.997746e+03  0.000000e+00
15   6.998088e+03  0.000000e+00
16   6.998430e+03  4.525825e+02
17   6.998772e+03  5.576909e+02
18   6.999114e+03 -2.676295e+02
19   6.999456e+03  1.459796e+02
20   6.999798e+03 -2.132710e+02
21   7.000140e+03  4.000244e+00
22   7.000482e+03  4.225111e+02
23   7.000824e+03  1.820392e+02
24   7.001166e+03  7.977283e+01
25   7.001508e+03 -9.638954e+02
26   7.001850e+03 -2.906250e+01
27   7.002192e+03 -8.155612e+02
28   7.002534e+03 -3.037509e+02
29   7.002876e+03 -6.694576e+02
30   7.003218e+03  5.043021e+02
31   7.003560e+03 -2.759601e+02
32   7.003902e+03 -2.539592e+02
33   7.004244e+03 -4.378088e+02
34   7.004586e+03  1.966047e+02
35   7.004928e+03 -2.751531e+02
36   7.005271e+03  2.405972e+02
37   7.005612e+03  3.667727e+02
38   7.005955e+03 -1.013982e+02
39   7.006296e+03  4.393433e+02
40   7.006639e+03  3.231201e+01
41   7.006980e+03  1.632463e+02
42   7.007323e+03  1.134766e+02
43   7.007665e+03 -3.107434e+02
44   7.008006e+03  2.114487e+02
45   7.008349e+03  2.154692e+02
46   7.008690e+03  1.496555e+02
47   7.009033e+03 -4.673621e+02
48   7.009375e+03 -2.766733e+02
49   7.009717e+03 -6.281658e+02
50   7.010059e+03  1.565718e+02
51   7.010401e+03 -4.249585e+01
52   7.010743e+03 -6.092407e+01
53   7.011085e+03 -1.723674e+02
54   7.011427e+03  9.758154e+01
55   7.011769e+03 -4.970508e+02
56   7.012111e+03 -6.997395e+02
57   7.012453e+03 -6.723862e+02
58   7.012795e+03 -1.971455e+02
59   7.013137e+03  8.333008e+01
60   7.013479e+03 -5.610034e+01
61   7.013821e+03 -6.718311e+01
62   7.014163e+03  4.892651e+01
63   7.014505e+03  1.309885e+02
64   7.014847e+03  3.827019e+02
65   7.015189e+03 -8.008623e+02
66   7.015531e+03  5.295181e+02
67   7.015873e+03 -2.365403e+02
68   7.016215e+03 -1.856804e+02
69   7.016557e+03  5.672146e+02
70   7.016899e+03  1.385732e+02
71   7.017241e+03  4.528442e+02
72   7.017583e+03 -1.699854e+01
73   7.017925e+03  2.188633e+02
74   7.018267e+03  1.909492e+02
75   7.018609e+03  5.453169e+02
76   7.018951e+03 -5.657656e+02
77   7.019293e+03  3.832783e+02
78   7.019635e+03  1.136705e+03
79   7.019978e+03  2.433931e+02
80   7.020319e+03 -6.179053e+01
81   7.020662e+03 -2.192793e+02
82   7.021003e+03 -3.337554e+02
83   7.021346e+03  5.344600e+02
84   7.021688e+03 -3.936426e+01
85   7.022030e+03 -1.574756e+01
86   7.022372e+03  5.209082e+02
87   7.022713e+03  3.428486e+02
88   7.023056e+03  4.953345e+02
89   7.023397e+03  2.436816e+02
90   7.023740e+03  1.117366e+03
91   7.024082e+03  8.316729e+02
92   7.024424e+03 -2.616367e+02
93   7.024766e+03  3.198950e+02
94   7.025108e+03 -7.481084e+02
95   7.025450e+03 -5.282715e+00
96   7.025792e+03  1.481553e+03
97   7.026134e+03 -1.163785e+03
98   7.026476e+03 -6.413379e+01
99   7.026818e+03  1.652637e+02
100  7.027160e+03 -1.919004e+02
101  7.027502e+03 -2.367383e+01
102  7.027844e+03 -2.744424e+02
103  7.028186e+03 -3.764160e+02
104  7.028528e+03 -5.206650e+02
105  7.028870e+03  5.407891e+02
106  7.029212e+03 -1.962128e+03
107  7.029554e+03  1.141033e+03
108  7.029896e+03  1.025688e+03
109  7.030238e+03  1.055215e+02
110  7.030580e+03 -2.353956e+03
111  7.030922e+03  7.919648e+02
112  7.031264e+03 -1.306784e+03
113  7.031606e+03  1.460928e+02
114  7.031948e+03 -1.714412e+03
115  7.032291e+03  2.221865e+02
116  7.032632e+03  3.613867e+01
117  7.032974e+03 -2.010625e+02
118  7.033316e+03  1.640344e+03
119  7.033658e+03 -8.084531e+02
120  7.034000e+03 -1.874004e+02
121  7.034342e+03  8.908398e+01
122  7.034685e+03 -2.716660e+02
123  7.035026e+03 -5.665059e+02
124  7.035369e+03  8.755430e+02
125  7.035710e+03  3.413543e+03
126  7.036053e+03 -8.097637e+02
127  7.036395e+03  1.654883e+03
128  7.036737e+03 -5.722559e+02
129  7.037079e+03  3.176072e+03
130  7.037421e+03  1.344070e+03
131  7.037763e+03  1.512055e+03
132  7.038104e+03 -1.352789e+03
133  7.038447e+03  4.225418e+03
134  7.038789e+03  1.222906e+03
135  7.039131e+03 -1.918996e+03
136  7.039473e+03 -1.372004e+03
137  7.039815e+03  1.391973e+03
138  7.040157e+03 -1.243047e+03
139  7.040499e+03  3.155586e+02
140  7.040841e+03  5.363859e+03
141  7.041183e+03  4.177109e+02
142  7.041525e+03 -5.537461e+02
143  7.041867e+03  3.039867e+03
144  7.042209e+03  6.300320e+03
145  7.042551e+03  5.308691e+03
146  7.042893e+03  3.479938e+03
147  7.043235e+03  2.625094e+03
148  7.043577e+03  6.387195e+03
149  7.043919e+03  5.925500e+03
150  7.044261e+03  4.601273e+03
151  7.044603e+03  6.529320e+03
152  7.044945e+03  6.680555e+03
153  7.045287e+03  4.219758e+03
154  7.045629e+03  6.597602e+03
155  7.045971e+03  2.338234e+03
156  7.046313e+03  2.827719e+03
157  7.046655e+03  1.073938e+03
158  7.046998e+03  3.881914e+03
159  7.047339e+03  3.606305e+03
160  7.047681e+03  2.583828e+03
161  7.048023e+03  1.446453e+03
162  7.048365e+03 -2.457813e+02
163  7.048708e+03 -3.085141e+03
164  7.049049e+03 -4.189672e+03
165  7.049392e+03  7.429688e+01
166  7.049733e+03 -4.245875e+03
167  7.050076e+03 -4.102375e+03
168  7.050417e+03  4.322422e+03
169  7.050760e+03 -5.111672e+03
170  7.051102e+03 -6.826063e+03
171  7.051444e+03 -4.932844e+03
172  7.051786e+03 -3.789516e+03
173  7.052128e+03 -1.690156e+02
174  7.052470e+03 -1.560453e+03
175  7.052812e+03 -7.614625e+03
176  7.053154e+03  2.976453e+03
177  7.053496e+03 -2.278125e+01
178  7.053838e+03 -5.484109e+03
179  7.054180e+03 -1.091641e+03
180  7.054522e+03 -8.556484e+03
181  7.054864e+03 -5.842094e+03
182  7.055206e+03 -3.450625e+02
183  7.055548e+03 -1.132656e+04
184  7.055890e+03 -4.808500e+03
185  7.056232e+03 -1.277003e+04
186  7.056574e+03 -2.272519e+04
187  7.056916e+03 -7.386375e+03
188  7.057258e+03 -2.966031e+04
189  7.057600e+03 -4.029669e+04
190  7.057942e+03 -2.518469e+04
191  7.058284e+03 -5.209500e+04
192  7.058626e+03 -2.810319e+04
193  7.058968e+03 -3.953813e+03
194  7.059310e+03 -1.990875e+03
195  7.059652e+03  1.514719e+04
196  7.059994e+03  2.852928e+04
197  7.060336e+03  2.160016e+04
198  7.060678e+03  2.749231e+04
199  7.061021e+03  2.516516e+04
200  7.061362e+03  1.857208e+04
201  7.061705e+03  1.537536e+04
202  7.062046e+03  1.124747e+04
203  7.062388e+03  1.114601e+04
204  7.062730e+03  6.967953e+03
205  7.063072e+03  5.871617e+03
206  7.063415e+03  2.317336e+03
207  7.063756e+03  1.075344e+03
208  7.064099e+03  2.768090e+03
209  7.064440e+03  1.794063e+02
210  7.064783e+03  5.140820e+02
211  7.065125e+03  1.862035e+03
212  7.065467e+03  1.983801e+03
213  7.065809e+03  1.934191e+03
214  7.066151e+03  2.792031e+02
215  7.066493e+03  1.113414e+03
216  7.066835e+03 -2.129648e+02
217  7.067177e+03  1.126623e+03
218  7.067519e+03  3.413268e+03
219  7.067861e+03  7.455645e+02
220  7.068203e+03  3.786094e+02
221  7.068545e+03  2.312020e+03
222  7.068887e+03 -2.215898e+02
223  7.069229e+03  4.524785e+02
224  7.069571e+03 -7.617266e+02
225  7.069913e+03 -1.216260e+03
226  7.070255e+03  1.899084e+03
227  7.070597e+03  1.199611e+03
228  7.070939e+03  8.590215e+02
229  7.071281e+03  3.166973e+02
230  7.071623e+03  1.221170e+03
231  7.071965e+03  8.353145e+02
232  7.072307e+03 -2.601270e+01
233  7.072649e+03 -7.755654e+02
234  7.072991e+03 -5.319658e+02
235  7.073333e+03 -1.698760e+02
236  7.073675e+03  1.924023e+01
237  7.074017e+03  2.283803e+03
238  7.074359e+03  8.555098e+02
239  7.074701e+03  5.924766e+02
240  7.075043e+03  1.585062e+03
241  7.075385e+03 -8.326348e+02
242  7.075728e+03 -5.938506e+02
243  7.076069e+03  9.546289e+01
244  7.076412e+03  4.885898e+02
245  7.076753e+03 -1.029297e+03
246  7.077095e+03 -1.126240e+02
247  7.077438e+03 -6.664678e+02
248  7.077779e+03  4.268857e+02
249  7.078122e+03  4.424805e+00
250  7.078463e+03  4.013711e+02
251  7.078806e+03  8.787896e+02
252  7.079147e+03 -1.685630e+02
253  7.079490e+03 -7.617207e+02
254  7.079832e+03 -3.228403e+02
255  7.080174e+03  4.138779e+02
256  7.080516e+03  2.596719e+02
257  7.080858e+03 -4.809082e+01
258  7.081200e+03  7.303867e+02
259  7.081542e+03  2.105029e+02
260  7.081884e+03  1.881445e+02
261  7.082226e+03  1.786159e+03
262  7.082568e+03 -7.355093e+02
263  7.082910e+03  3.835449e+00
264  7.083252e+03 -9.325830e+01
265  7.083594e+03 -1.361950e+03
266  7.083936e+03  3.980879e+02
267  7.084278e+03  1.028785e+03
268  7.084620e+03 -5.025498e+02
269  7.084962e+03 -2.907368e+02
270  7.085304e+03 -1.149810e+02
271  7.085646e+03 -2.253545e+02
272  7.085988e+03  3.509780e+02
273  7.086330e+03  1.303672e+02
274  7.086672e+03 -1.575967e+02
275  7.087014e+03  5.497109e+02
276  7.087356e+03 -5.120605e+01
277  7.087698e+03  3.668359e+01
278  7.088040e+03  1.239519e+03
279  7.088382e+03  6.551577e+02
280  7.088724e+03 -1.127993e+03
281  7.089066e+03 -6.688474e+02
282  7.089408e+03  4.354089e+02
283  7.089750e+03 -5.092065e+02
284  7.090092e+03  2.571948e+02
285  7.090435e+03 -1.585205e+01
286  7.090776e+03  1.434290e+02
287  7.091119e+03 -1.131672e+02
288  7.091460e+03  7.053457e+02
289  7.091803e+03 -5.961230e+01
290  7.092145e+03 -5.873342e+02
291  7.092486e+03 -9.320215e+01
292  7.092829e+03  2.828794e+02
293  7.093170e+03  4.644319e+02
294  7.093513e+03  4.798057e+02
295  7.093854e+03  2.050430e+02
296  7.094197e+03 -1.980564e+02
297  7.094539e+03  0.000000e+00
298  7.094881e+03  0.000000e+00
299  7.095223e+03  0.000000e+00
300  7.095565e+03  0.000000e+00
301  7.095907e+03  0.000000e+00
302  7.096249e+03  0.000000e+00
303  7.096591e+03  0.000000e+00
304  7.096933e+03  0.000000e+00
305  7.097275e+03  0.000000e+00
306  7.097617e+03  0.000000e+00
307  7.097959e+03  0.000000e+00
308  7.098301e+03  0.000000e+00
309  7.098643e+03  0.000000e+00
310  7.098985e+03  0.000000e+00
311  7.099327e+03  0.000000e+00
312  7.099669e+03  0.000000e+00
313  7.100011e+03  0.000000e+00
314  7.100353e+03  0.000000e+00
315  7.100695e+03  0.000000e+00
316  7.101037e+03  0.000000e+00
317  7.101379e+03  0.000000e+00
318  7.101721e+03  0.000000e+00
319  7.102063e+03  0.000000e+00
320  7.102405e+03  0.000000e+00
321  7.102747e+03  0.000000e+00
322  7.103089e+03  0.000000e+00
323  7.103431e+03  0.000000e+00
324  7.103773e+03  0.000000e+00
325  7.104115e+03  0.000000e+00
326  7.104458e+03  0.000000e+00
327  7.104799e+03  0.000000e+00
328  7.105142e+03  0.000000e+00
329  7.105483e+03  0.000000e+00
330  7.105826e+03  0.000000e+00
331  7.106167e+03  0.000000e+00
332  7.106510e+03  0.000000e+00
333  7.106852e+03  0.000000e+00
334  7.107193e+03  0.000000e+00
335  7.107536e+03  0.000000e+00
336  7.107877e+03  0.000000e+00
337  7.108220e+03  0.000000e+00
338  7.108562e+03  0.000000e+00
339  7.108904e+03  0.000000e+00
340  7.109246e+03  0.000000e+00
341  7.109588e+03  0.000000e+00
342  7.109930e+03  0.000000e+00
343  7.110272e+03  0.000000e+00
344  7.110614e+03  0.000000e+00
345  7.110956e+03  0.000000e+00
346  7.111298e+03  0.000000e+00
347  7.111640e+03  0.000000e+00
348  7.111982e+03  0.000000e+00
349  7.112324e+03  0.000000e+00
350  7.112666e+03  0.000000e+00
351  7.113008e+03  0.000000e+00
352  7.113350e+03  0.000000e+00
353  7.113692e+03  0.000000e+00
354  7.114034e+03  0.000000e+00
355  7.114376e+03  0.000000e+00
356  7.114718e+03  0.000000e+00
357  7.115060e+03  0.000000e+00
358  7.115402e+03  0.000000e+00
359  7.115744e+03  0.000000e+00
360  7.116086e+03  0.000000e+00
361  7.116428e+03  0.000000e+00
362  7.116770e+03  0.000000e+00
363  7.117112e+03  0.000000e+00
364  7.117454e+03  0.000000e+00
365  7.117796e+03  0.000000e+00
366  7.118138e+03  0.000000e+00
367  7.118480e+03  0.000000e+00
368  7.118822e+03  0.000000e+00
369  7.119165e+03  0.000000e+00
370  7.119506e+03  0.000000e+00
371  7.119849e+03  0.000000e+00
372  7.120190e+03  0.000000e+00
373  7.120533e+03  0.000000e+00
374  7.120875e+03  0.000000e+00
375  7.121217e+03  0.000000e+00
376  7.121559e+03  0.000000e+00
377  7.121900e+03  0.000000e+00
378  7.122243e+03  0.000000e+00
379  7.122584e+03  0.000000e+00
380  7.122927e+03  0.000000e+00
381  7.123269e+03  0.000000e+00
382  7.123611e+03  0.000000e+00
383  7.123953e+03  0.000000e+00
384  7.124295e+03  0.000000e+00
385  7.124637e+03  0.000000e+00
386  7.124979e+03  0.000000e+00
387  7.125321e+03  0.000000e+00
388  7.125663e+03  0.000000e+00
389  7.126005e+03  0.000000e+00
390  7.126347e+03  0.000000e+00
391  7.126689e+03  0.000000e+00
392  7.127031e+03  0.000000e+00
393  7.127373e+03  0.000000e+00
394  7.127715e+03  0.000000e+00
395  7.128057e+03  0.000000e+00
396  7.128399e+03  0.000000e+00
397  7.128741e+03  0.000000e+00
398  7.129083e+03  0.000000e+00
399  7.129425e+03  0.000000e+00
400  7.129767e+03  0.000000e+00
401  7.130109e+03  0.000000e+00
402  7.130451e+03  0.000000e+00
403  7.130793e+03  0.000000e+00
404  7.131135e+03  0.000000e+00
405  7.131477e+03  0.000000e+00
406  7.131819e+03  0.000000e+00
407  7.132161e+03  0.000000e+00
408  7.132503e+03  0.000000e+00
409  7.132845e+03  0.000000e+00
410  7.133188e+03  0.000000e+00
411  7.133529e+03  0.000000e+00
412  7.133872e+03  0.000000e+00
413  7.134213e+03  0.000000e+00
414  7.134556e+03  0.000000e+00
415  7.134897e+03  0.000000e+00
416  7.135240e+03  0.000000e+00
417  7.135582e+03  0.000000e+00
418  7.135924e+03  0.000000e+00
419  7.136266e+03  0.000000e+00
