# Detector:    LPD
# DateCreated: 2026-09-02T10:22:11

0    0.000000e+00  1.369844e+07
1    7.482518e-03  1.368061e+07
2    1.496504e-02  1.366545e+07
3    2.244755e-02  1.364588e+07
4    2.993007e-02  1.363055e+07
5    3.741259e-02  1.361796e+07
6    4.489511e-02  1.360698e+07
7    5.237762e-02  1.359448e+07
8    5.986014e-02  1.358700e+07
9    6.734265e-02  1.357666e+07
10   7.482518e-02  1.356854e+07
11   8.230770e-02  1.356530e+07
12   8.979021e-02  1.356614e+07
13   9.727272e-02  1.355758e+07
14   1.047552e-01  1.356253e+07
15   1.122378e-01  1.356211e+07
16   1.197203e-01  1.355980e+07
17   1.272028e-01  1.356618e+07
18   1.346853e-01  1.357136e+07
19   1.421678e-01  1.357589e+07
20   1.496504e-01  1.358135e+07
21   1.571329e-01  1.359669e+07
22   1.646154e-01  1.360321e+07
23   1.720979e-01  1.361421e+07
24   1.795804e-01  1.362668e+07
25   1.870629e-01  1.364084e+07
26   1.945454e-01  1.366285e+07
27   2.020280e-01  1.367661e+07
28   2.095105e-01  1.369722e+07
29   2.169930e-01  1.371342e+07
30   2.244755e-01  1.373838e+07
31   2.319580e-01  1.376188e+07
32   2.394406e-01  1.378103e+07
33   2.469231e-01  1.380531e+07
34   2.544056e-01  1.383456e+07
35   2.618881e-01  1.386200e+07
36   2.693706e-01  1.388997e+07
37   2.768531e-01  1.392321e+07
38   2.843357e-01  1.395898e+07
39   2.918182e-01  1.399215e+07
40   2.993007e-01  1.402141e+07
41   3.067832e-01  1.406320e+07
42   3.142657e-01  1.410067e+07
43   3.217483e-01  1.413604e+07
44   3.292308e-01  1.417729e+07
45   3.367133e-01  1.421692e+07
46   3.441958e-01  1.426412e+07
47   3.516783e-01  1.430769e+07
48   3.591608e-01  1.434747e+07
49   3.666434e-01  1.439327e+07
50   3.741259e-01  1.444065e+07
51   3.816084e-01  1.449560e+07
52   3.890909e-01  1.454331e+07
53   3.965734e-01  1.459680e+07
54   4.040560e-01  1.465032e+07
55   4.115385e-01  1.469849e+07
56   4.190210e-01  1.475697e+07
57   4.265035e-01  1.480926e+07
58   4.339860e-01  1.486955e+07
59   4.414685e-01  1.492574e+07
60   4.489511e-01  1.498490e+07
61   4.564336e-01  1.505215e+07
62   4.639161e-01  1.511518e+07
63   4.713986e-01  1.517632e+07
64   4.788811e-01  1.523676e+07
65   4.863636e-01  1.530689e+07
66   4.938461e-01  1.537277e+07
67   5.013286e-01  1.544260e+07
68   5.088112e-01  1.551257e+07
69   5.162937e-01  1.557728e+07
70   5.237762e-01  1.564773e+07
71   5.312588e-01  1.572169e+07
72   5.387412e-01  1.579254e+07
73   5.462238e-01  1.587197e+07
74   5.537063e-01  1.594519e+07
75   5.611888e-01  1.601906e+07
76   5.686713e-01  1.610045e+07
77   5.761539e-01  1.617599e+07
78   5.836363e-01  1.625826e+07
79   5.911189e-01  1.633515e+07
80   5.986014e-01  1.641981e+07
81   6.060839e-01  1.650263e+07
82   6.135665e-01  1.658212e+07
83   6.210489e-01  1.666824e+07
84   6.285315e-01  1.674924e+07
85   6.360140e-01  1.683575e+07
86   6.434965e-01  1.692636e+07
87   6.509790e-01  1.701103e+07
88   6.584616e-01  1.710178e+07
89   6.659440e-01  1.719027e+07
90   6.734266e-01  1.728299e+07
91   6.809091e-01  1.737337e+07
92   6.883916e-01  1.746672e+07
93   6.958742e-01  1.755956e+07
94   7.033566e-01  1.764723e+07
95   7.108392e-01  1.774458e+07
96   7.183217e-01  1.783692e+07
97   7.258042e-01  1.793061e+07
98   7.332867e-01  1.803224e+07
99   7.407692e-01  1.812278e+07
100  7.482517e-01  1.822418e+07
101  7.557343e-01  1.831807e+07
102  7.632168e-01  1.842001e+07
103  7.706993e-01  1.852331e+07
104  7.781818e-01  1.862320e+07
105  7.856643e-01  1.872366e+07
106  7.931468e-01  1.881699e+07
107  8.006294e-01  1.892290e+07
108  8.081119e-01  1.901938e+07
109  8.155944e-01  1.912692e+07
110  8.230769e-01  1.923043e+07
111  8.305594e-01  1.933179e+07
112  8.380420e-01  1.943343e+07
113  8.455245e-01  1.953770e+07
114  8.530070e-01  1.964823e+07
115  8.604895e-01  1.975133e+07
116  8.679720e-01  1.985816e+07
117  8.754545e-01  1.995585e+07
118  8.829371e-01  2.006210e+07
119  8.904196e-01  2.016742e+07
120  8.979021e-01  2.027347e+07
121  9.053846e-01  2.038654e+07
122  9.128671e-01  2.048758e+07
123  9.203497e-01  2.059562e+07
124  9.278322e-01  2.070133e+07
125  9.353147e-01  2.081339e+07
126  9.427972e-01  2.091770e+07
127  9.502797e-01  2.102729e+07
128  9.577622e-01  2.113496e+07
129  9.652448e-01  2.124043e+07
130  9.727273e-01  2.135139e+07
131  9.802098e-01  2.146060e+07
132  9.876923e-01  2.156450e+07
133  9.951748e-01  2.166934e+07
134  1.002657e+00  2.177582e+07
135  1.010140e+00  2.188796e+07
136  1.017622e+00  2.198958e+07
137  1.025105e+00  2.210165e+07
138  1.032587e+00  2.221253e+07
139  1.040070e+00  2.231715e+07
140  1.047552e+00  2.242498e+07
141  1.055035e+00  2.252547e+07
142  1.062518e+00  2.263250e+07
143  1.070000e+00  2.273788e+07
144  1.077482e+00  2.284408e+07
145  1.084965e+00  2.294756e+07
146  1.092448e+00  2.305653e+07
147  1.099930e+00  2.315835e+07
148  1.107413e+00  2.326750e+07
149  1.114895e+00  2.337057e+07
150  1.122378e+00  2.346803e+07
151  1.129860e+00  2.357205e+07
152  1.137343e+00  2.368199e+07
153  1.144825e+00  2.378210e+07
154  1.152308e+00  2.388380e+07
155  1.159790e+00  2.398190e+07
156  1.167273e+00  2.408775e+07
157  1.174755e+00  2.418374e+07
158  1.182238e+00  2.428062e+07
159  1.189720e+00  2.438210e+07
160  1.197203e+00  2.448351e+07
161  1.204685e+00  2.458053e+07
162  1.212168e+00  2.466827e+07
163  1.219650e+00  2.476369e+07
164  1.227133e+00  2.486085e+07
165  1.234615e+00  2.495859e+07
166  1.242098e+00  2.505301e+07
167  1.249580e+00  2.513997e+07
168  1.257063e+00  2.523326e+07
169  1.264545e+00  2.532210e+07
170  1.272028e+00  2.541288e+07
171  1.279510e+00  2.550493e+07
172  1.286993e+00  2.559848e+07
173  1.294476e+00  2.568538e+07
174  1.301958e+00  2.576692e+07
175  1.309441e+00  2.585004e+07
176  1.316923e+00  2.593921e+07
177  1.324406e+00  2.602366e+07
178  1.331888e+00  2.610641e+07
179  1.339371e+00  2.618239e+07
180  1.346853e+00  2.625950e+07
181  1.354336e+00  2.634594e+07
182  1.361818e+00  2.641717e+07
183  1.369301e+00  2.649789e+07
184  1.376783e+00  2.657195e+07
185  1.384266e+00  2.664191e+07
186  1.391748e+00  2.671624e+07
187  1.399231e+00  2.679543e+07
188  1.406713e+00  2.686349e+07
189  1.414196e+00  2.693297e+07
190  1.421678e+00  2.699561e+07
191  1.429161e+00  2.706133e+07
192  1.436643e+00  2.713364e+07
193  1.444126e+00  2.719962e+07
194  1.451608e+00  2.726078e+07
195  1.459091e+00  2.731800e+07
196  1.466573e+00  2.738254e+07
197  1.474056e+00  2.743501e+07
198  1.481538e+00  2.749898e+07
199  1.489021e+00  2.755515e+07
200  1.496503e+00  2.760108e+07
201  1.503986e+00  2.765590e+07
202  1.511469e+00  2.770602e+07
203  1.518951e+00  2.776299e+07
204  1.526434e+00  2.780362e+07
205  1.533916e+00  2.784881e+07
206  1.541399e+00  2.789854e+07
207  1.548881e+00  2.794624e+07
208  1.556364e+00  2.798233e+07
209  1.563846e+00  2.802744e+07
210  1.571329e+00  2.806652e+07
211  1.578811e+00  2.809601e+07
212  1.586294e+00  2.813495e+07
213  1.593776e+00  2.817213e+07
214  1.601259e+00  2.819605e+07
215  1.608741e+00  2.822879e+07
216  1.616224e+00  2.826170e+07
217  1.623706e+00  2.828228e+07
218  1.631189e+00  2.831313e+07
219  1.638671e+00  2.833321e+07
220  1.646154e+00  2.835512e+07
221  1.653636e+00  2.837518e+07
222  1.661119e+00  2.839975e+07
223  1.668601e+00  2.841111e+07
224  1.676084e+00  2.842721e+07
225  1.683566e+00  2.843831e+07
226  1.691049e+00  2.845388e+07
227  1.698532e+00  2.846339e+07
228  1.706014e+00  2.847701e+07
229  1.713497e+00  2.848173e+07
230  1.720979e+00  2.848983e+07
231  1.728462e+00  2.848696e+07
232  1.735944e+00  2.849271e+07
233  1.743427e+00  2.849249e+07
234  1.750909e+00  2.848023e+07
235  1.758392e+00  2.847973e+07
236  1.765874e+00  2.847246e+07
237  1.773357e+00  2.846486e+07
238  1.780839e+00  2.845551e+07
239  1.788322e+00  2.844557e+07
240  1.795804e+00  2.843809e+07
241  1.803287e+00  2.841868e+07
242  1.810769e+00  2.840133e+07
243  1.818252e+00  2.838709e+07
244  1.825734e+00  2.835868e+07
245  1.833217e+00  2.833718e+07
246  1.840699e+00  2.832004e+07
247  1.848182e+00  2.828718e+07
248  1.855664e+00  2.825818e+07
249  1.863147e+00  2.823150e+07
250  1.870629e+00  2.820632e+07
251  1.878112e+00  2.816863e+07
252  1.885594e+00  2.813145e+07
253  1.893077e+00  2.810165e+07
254  1.900559e+00  2.806416e+07
255  1.908042e+00  2.802100e+07
256  1.915524e+00  2.798124e+07
257  1.923007e+00  2.793783e+07
258  1.930490e+00  2.789330e+07
259  1.937972e+00  2.784533e+07
260  1.945455e+00  2.779726e+07
261  1.952937e+00  2.774237e+07
262  1.960420e+00  2.769263e+07
263  1.967902e+00  2.763094e+07
264  1.975385e+00  2.758014e+07
265  1.982867e+00  2.752401e+07
266  1.990350e+00  2.746924e+07
267  1.997832e+00  2.739905e+07
268  2.005315e+00  2.734521e+07
269  2.012797e+00  2.727478e+07
270  2.020280e+00  2.721564e+07
271  2.027762e+00  2.714360e+07
272  2.035245e+00  2.707923e+07
273  2.042727e+00  2.700380e+07
274  2.050210e+00  2.692703e+07
275  2.057692e+00  2.686073e+07
276  2.065175e+00  2.678347e+07
277  2.072657e+00  2.671076e+07
278  2.080140e+00  2.662816e+07
279  2.087622e+00  2.654679e+07
280  2.095105e+00  2.646803e+07
281  2.102587e+00  2.638475e+07
282  2.110070e+00  2.629945e+07
283  2.117553e+00  2.620862e+07
284  2.125035e+00  2.612368e+07
285  2.132518e+00  2.603591e+07
286  2.140000e+00  2.594552e+07
287  2.147483e+00  2.585608e+07
288  2.154965e+00  2.576409e+07
289  2.162447e+00  2.567038e+07
290  2.169930e+00  2.557507e+07
291  2.177413e+00  2.547443e+07
292  2.184895e+00  2.537782e+07
293  2.192378e+00  2.527222e+07
294  2.199860e+00  2.516924e+07
295  2.207343e+00  2.506974e+07
296  2.214825e+00  2.497188e+07
297  2.222308e+00  2.486585e+07
298  2.229790e+00  2.475973e+07
299  2.237273e+00  2.465031e+07
300  2.244755e+00  2.454238e+07
301  2.252238e+00  2.443285e+07
302  2.259720e+00  2.431768e+07
303  2.267203e+00  2.420766e+07
304  2.274685e+00  2.409701e+07
305  2.282168e+00  2.398368e+07
306  2.289650e+00  2.386781e+07
307  2.297133e+00  2.375220e+07
308  2.304615e+00  2.363511e+07
309  2.312098e+00  2.351683e+07
310  2.319580e+00  2.339535e+07
311  2.327063e+00  2.327182e+07
312  2.334545e+00  2.315157e+07
313  2.342028e+00  2.302498e+07
314  2.349510e+00  2.290404e+07
315  2.356993e+00  2.278258e+07
316  2.364475e+00  2.265849e+07
317  2.371958e+00  2.253028e+07
318  2.379441e+00  2.240313e+07
319  2.386923e+00  2.227239e+07
320  2.394406e+00  2.214714e+07
321  2.401888e+00  2.201986e+07
322  2.409371e+00  2.188838e+07
323  2.416853e+00  2.175911e+07
324  2.424336e+00  2.162810e+07
325  2.431818e+00  2.149385e+07
326  2.439301e+00  2.136703e+07
327  2.446783e+00  2.123223e+07
328  2.454266e+00  2.109701e+07
329  2.461748e+00  2.096678e+07
330  2.469231e+00  2.082753e+07
331  2.476713e+00  2.069333e+07
332  2.484196e+00  2.055674e+07
333  2.491678e+00  2.042289e+07
334  2.499161e+00  2.028160e+07
335  2.506643e+00  2.014756e+07
336  2.514126e+00  2.001062e+07
337  2.521608e+00  1.986736e+07
338  2.529091e+00  1.973716e+07
339  2.536573e+00  1.959786e+07
340  2.544056e+00  1.945598e+07
341  2.551538e+00  1.931183e+07
342  2.559021e+00  1.917521e+07
343  2.566504e+00  1.903736e+07
344  2.573986e+00  1.889509e+07
345  2.581469e+00  1.875647e+07
346  2.588951e+00  1.861508e+07
347  2.596434e+00  1.847474e+07
348  2.603916e+00  1.832842e+07
349  2.611399e+00  1.818911e+07
350  2.618881e+00  1.805178e+07
351  2.626364e+00  1.790507e+07
352  2.633846e+00  1.776462e+07
353  2.641329e+00  1.762399e+07
354  2.648811e+00  1.748068e+07
355  2.656294e+00  1.733944e+07
356  2.663776e+00  1.719581e+07
357  2.671259e+00  1.705896e+07
358  2.678741e+00  1.691264e+07
359  2.686224e+00  1.677135e+07
360  2.693706e+00  1.662844e+07
361  2.701189e+00  1.648966e+07
362  2.708671e+00  1.634710e+07
363  2.716154e+00  1.620818e+07
364  2.723636e+00  1.606679e+07
365  2.731119e+00  1.592833e+07
366  2.738601e+00  1.578750e+07
367  2.746084e+00  1.564231e+07
368  2.753567e+00  1.550191e+07
369  2.761049e+00  1.536201e+07
370  2.768532e+00  1.522610e+07
371  2.776014e+00  1.508687e+07
372  2.783497e+00  1.494638e+07
373  2.790979e+00  1.480487e+07
374  2.798461e+00  1.466503e+07
375  2.805944e+00  1.452697e+07
376  2.813426e+00  1.439268e+07
377  2.820909e+00  1.425344e+07
378  2.828392e+00  1.411502e+07
379  2.835874e+00  1.398062e+07
380  2.843357e+00  1.384617e+07
381  2.850839e+00  1.370756e+07
382  2.858322e+00  1.357555e+07
383  2.865804e+00  1.343864e+07
384  2.873287e+00  1.330201e+07
385  2.880769e+00  1.317339e+07
386  2.888252e+00  1.304008e+07
387  2.895734e+00  1.290684e+07
388  2.903217e+00  1.276891e+07
389  2.910699e+00  1.264103e+07
390  2.918182e+00  1.250564e+07
391  2.925664e+00  1.237532e+07
392  2.933147e+00  1.224738e+07
393  2.940629e+00  1.212133e+07
394  2.948112e+00  1.199069e+07
395  2.955594e+00  1.186437e+07
396  2.963077e+00  1.173614e+07
397  2.970559e+00  1.160847e+07
398  2.978042e+00  1.148207e+07
399  2.985524e+00  1.135636e+07
400  2.993007e+00  1.122977e+07
401  3.000489e+00  1.110965e+07
402  3.007972e+00  1.098280e+07
403  3.015455e+00  1.086089e+07
404  3.022937e+00  1.074009e+07
405  3.030420e+00  1.061635e+07
406  3.037902e+00  1.050000e+07
407  3.045385e+00  1.037925e+07
408  3.052867e+00  1.026108e+07
409  3.060350e+00  1.013785e+07
410  3.067832e+00  1.002061e+07
411  3.075315e+00  9.909097e+06
412  3.082797e+00  9.791563e+06
413  3.090280e+00  9.677128e+06
414  3.097762e+00  9.562420e+06
415  3.105245e+00  9.450682e+06
416  3.112727e+00  9.338687e+06
417  3.120210e+00  9.226422e+06
418  3.127692e+00  9.111512e+06
419  3.135175e+00  9.003079e+06
