# Detector:    LPD
# DateCreated: 2026-09-02T10:22:04

0    0.000000e+00  6.706044e+06
1    7.482477e-03  6.694572e+06
2    1.496495e-02  6.683279e+06
3    2.244743e-02  6.675556e+06
4    2.992991e-02  6.669656e+06
5    3.741239e-02  6.665636e+06
6    4.489486e-02  6.657749e+06
7    5.237734e-02  6.652546e+06
8    5.985982e-02  6.649486e+06
9    6.734230e-02  6.645933e+06
10   7.482477e-02  6.641000e+06
11   8.230725e-02  6.640625e+06
12   8.978973e-02  6.638440e+06
13   9.727220e-02  6.635790e+06
14   1.047547e-01  6.637926e+06
15   1.122372e-01  6.635522e+06
16   1.197196e-01  6.638474e+06
17   1.272021e-01  6.639204e+06
18   1.346846e-01  6.641483e+06
19   1.421671e-01  6.645944e+06
20   1.496495e-01  6.649788e+06
21   1.571320e-01  6.649943e+06
22   1.646145e-01  6.656476e+06
23   1.720970e-01  6.663932e+06
24   1.795795e-01  6.668883e+06
25   1.870619e-01  6.674383e+06
26   1.945444e-01  6.683565e+06
27   2.020269e-01  6.693319e+06
28   2.095094e-01  6.703991e+06
29   2.169918e-01  6.710560e+06
30   2.244743e-01  6.720506e+06
31   2.319568e-01  6.732165e+06
32   2.394393e-01  6.744911e+06
33   2.469217e-01  6.757078e+06
34   2.544042e-01  6.769209e+06
35   2.618867e-01  6.781667e+06
36   2.693692e-01  6.796799e+06
37   2.768517e-01  6.813638e+06
38   2.843341e-01  6.830234e+06
39   2.918166e-01  6.842921e+06
40   2.992991e-01  6.860548e+06
41   3.067816e-01  6.881818e+06
42   3.142640e-01  6.899757e+06
43   3.217465e-01  6.919756e+06
44   3.292290e-01  6.937001e+06
45   3.367115e-01  6.958430e+06
46   3.441939e-01  6.977615e+06
47   3.516764e-01  6.998300e+06
48   3.591589e-01  7.019020e+06
49   3.666414e-01  7.044025e+06
50   3.741238e-01  7.068331e+06
51   3.816063e-01  7.094136e+06
52   3.890888e-01  7.117642e+06
53   3.965713e-01  7.139421e+06
54   4.040537e-01  7.164873e+06
55   4.115362e-01  7.192461e+06
56   4.190187e-01  7.221555e+06
57   4.265012e-01  7.249582e+06
58   4.339837e-01  7.277673e+06
59   4.414662e-01  7.306416e+06
60   4.489486e-01  7.334899e+06
61   4.564311e-01  7.365204e+06
62   4.639136e-01  7.393123e+06
63   4.713961e-01  7.424385e+06
64   4.788785e-01  7.458612e+06
65   4.863610e-01  7.486623e+06
66   4.938435e-01  7.519372e+06
67   5.013260e-01  7.557694e+06
68   5.088084e-01  7.590344e+06
69   5.162909e-01  7.624245e+06
70   5.237734e-01  7.659438e+06
71   5.312558e-01  7.691103e+06
72   5.387384e-01  7.729646e+06
73   5.462208e-01  7.763720e+06
74   5.537033e-01  7.804534e+06
75   5.611858e-01  7.841596e+06
76   5.686682e-01  7.878845e+06
77   5.761507e-01  7.913372e+06
78   5.836332e-01  7.957462e+06
79   5.911157e-01  7.993099e+06
80   5.985982e-01  8.036826e+06
81   6.060807e-01  8.076218e+06
82   6.135631e-01  8.115021e+06
83   6.210456e-01  8.155527e+06
84   6.285281e-01  8.199374e+06
85   6.360105e-01  8.239640e+06
86   6.434930e-01  8.284520e+06
87   6.509755e-01  8.322468e+06
88   6.584580e-01  8.366558e+06
89   6.659405e-01  8.412314e+06
90   6.734229e-01  8.458249e+06
91   6.809054e-01  8.500652e+06
92   6.883879e-01  8.547723e+06
93   6.958703e-01  8.593671e+06
94   7.033528e-01  8.638493e+06
95   7.108353e-01  8.684715e+06
96   7.183178e-01  8.727886e+06
97   7.258003e-01  8.775263e+06
98   7.332827e-01  8.820135e+06
99   7.407652e-01  8.867065e+06
100  7.482477e-01  8.915311e+06
101  7.557302e-01  8.967524e+06
102  7.632127e-01  9.013546e+06
103  7.706951e-01  9.062923e+06
104  7.781776e-01  9.108433e+06
105  7.856601e-01  9.157993e+06
106  7.931426e-01  9.207605e+06
107  8.006250e-01  9.261880e+06
108  8.081075e-01  9.311100e+06
109  8.155900e-01  9.359765e+06
110  8.230725e-01  9.410850e+06
111  8.305550e-01  9.461024e+06
112  8.380374e-01  9.513075e+06
113  8.455199e-01  9.562185e+06
114  8.530024e-01  9.613369e+06
115  8.604848e-01  9.661923e+06
116  8.679673e-01  9.714157e+06
117  8.754498e-01  9.768145e+06
118  8.829323e-01  9.817644e+06
119  8.904148e-01  9.873288e+06
120  8.978972e-01  9.924209e+06
121  9.053797e-01  9.973910e+06
122  9.128622e-01  1.002554e+07
123  9.203447e-01  1.008040e+07
124  9.278271e-01  1.013361e+07
125  9.353096e-01  1.018164e+07
126  9.427921e-01  1.023722e+07
127  9.502746e-01  1.029113e+07
128  9.577571e-01  1.033852e+07
129  9.652395e-01  1.039254e+07
130  9.727220e-01  1.044776e+07
131  9.802045e-01  1.049850e+07
132  9.876870e-01  1.055406e+07
133  9.951695e-01  1.060360e+07
134  1.002652e+00  1.065766e+07
135  1.010134e+00  1.070897e+07
136  1.017617e+00  1.076345e+07
137  1.025099e+00  1.081775e+07
138  1.032582e+00  1.087026e+07
139  1.040064e+00  1.091939e+07
140  1.047547e+00  1.097182e+07
141  1.055029e+00  1.102112e+07
142  1.062512e+00  1.107259e+07
143  1.069994e+00  1.112413e+07
144  1.077477e+00  1.117598e+07
145  1.084959e+00  1.122784e+07
146  1.092442e+00  1.128222e+07
147  1.099924e+00  1.133461e+07
148  1.107407e+00  1.138200e+07
149  1.114889e+00  1.143625e+07
150  1.122372e+00  1.148853e+07
151  1.129854e+00  1.153804e+07
152  1.137336e+00  1.158387e+07
153  1.144819e+00  1.163380e+07
154  1.152301e+00  1.168584e+07
155  1.159784e+00  1.173758e+07
156  1.167266e+00  1.178292e+07
157  1.174749e+00  1.183523e+07
158  1.182231e+00  1.188414e+07
159  1.189714e+00  1.193197e+07
160  1.197196e+00  1.198059e+07
161  1.204679e+00  1.202375e+07
162  1.212161e+00  1.207546e+07
163  1.219644e+00  1.212090e+07
164  1.227126e+00  1.216666e+07
165  1.234609e+00  1.221112e+07
166  1.242091e+00  1.225911e+07
167  1.249574e+00  1.230192e+07
168  1.257056e+00  1.234848e+07
169  1.264539e+00  1.239090e+07
170  1.272021e+00  1.243470e+07
171  1.279504e+00  1.248280e+07
172  1.286986e+00  1.252686e+07
173  1.294469e+00  1.256606e+07
174  1.301951e+00  1.260573e+07
175  1.309433e+00  1.265195e+07
176  1.316916e+00  1.269128e+07
177  1.324398e+00  1.273563e+07
178  1.331881e+00  1.277601e+07
179  1.339363e+00  1.281263e+07
180  1.346846e+00  1.285244e+07
181  1.354328e+00  1.288772e+07
182  1.361811e+00  1.292850e+07
183  1.369293e+00  1.296894e+07
184  1.376776e+00  1.300145e+07
185  1.384258e+00  1.304265e+07
186  1.391741e+00  1.307447e+07
187  1.399223e+00  1.311173e+07
188  1.406706e+00  1.314389e+07
189  1.414188e+00  1.317635e+07
190  1.421671e+00  1.321147e+07
191  1.429153e+00  1.324484e+07
192  1.436636e+00  1.327711e+07
193  1.444118e+00  1.330552e+07
194  1.451601e+00  1.333565e+07
195  1.459083e+00  1.336775e+07
196  1.466565e+00  1.339423e+07
197  1.474048e+00  1.342925e+07
198  1.481530e+00  1.345198e+07
199  1.489013e+00  1.348216e+07
200  1.496495e+00  1.351038e+07
201  1.503978e+00  1.353510e+07
202  1.511460e+00  1.355497e+07
203  1.518943e+00  1.358318e+07
204  1.526425e+00  1.360453e+07
205  1.533908e+00  1.362947e+07
206  1.541390e+00  1.365189e+07
207  1.548873e+00  1.367514e+07
208  1.556355e+00  1.369075e+07
209  1.563838e+00  1.370923e+07
210  1.571320e+00  1.373176e+07
211  1.578803e+00  1.375306e+07
212  1.586285e+00  1.376986e+07
213  1.593768e+00  1.378703e+07
214  1.601250e+00  1.380181e+07
215  1.608733e+00  1.381140e+07
216  1.616215e+00  1.382507e+07
217  1.623698e+00  1.384426e+07
218  1.631180e+00  1.385367e+07
219  1.638662e+00  1.386251e+07
220  1.646145e+00  1.387843e+07
221  1.653627e+00  1.388549e+07
222  1.661110e+00  1.389540e+07
223  1.668592e+00  1.390275e+07
224  1.676075e+00  1.391356e+07
225  1.683557e+00  1.391963e+07
226  1.691040e+00  1.392443e+07
227  1.698522e+00  1.393107e+07
228  1.706005e+00  1.393154e+07
229  1.713487e+00  1.393551e+07
230  1.720970e+00  1.393719e+07
231  1.728452e+00  1.394039e+07
232  1.735935e+00  1.393731e+07
233  1.743417e+00  1.393969e+07
234  1.750900e+00  1.393894e+07
235  1.758382e+00  1.393613e+07
236  1.765865e+00  1.393276e+07
237  1.773347e+00  1.392677e+07
238  1.780830e+00  1.392160e+07
239  1.788312e+00  1.391720e+07
240  1.795794e+00  1.391149e+07
241  1.803277e+00  1.390568e+07
242  1.810759e+00  1.389990e+07
243  1.818242e+00  1.388578e+07
244  1.825724e+00  1.387804e+07
245  1.833207e+00  1.386794e+07
246  1.840689e+00  1.385239e+07
247  1.848172e+00  1.384234e+07
248  1.855654e+00  1.383031e+07
249  1.863137e+00  1.381235e+07
250  1.870619e+00  1.380312e+07
251  1.878102e+00  1.378484e+07
252  1.885584e+00  1.376390e+07
253  1.893067e+00  1.374959e+07
254  1.900549e+00  1.372997e+07
255  1.908032e+00  1.370985e+07
256  1.915514e+00  1.368926e+07
257  1.922997e+00  1.366668e+07
258  1.930479e+00  1.364986e+07
259  1.937962e+00  1.362013e+07
260  1.945444e+00  1.359769e+07
261  1.952927e+00  1.357304e+07
262  1.960409e+00  1.354966e+07
263  1.967891e+00  1.352429e+07
264  1.975374e+00  1.349603e+07
265  1.982856e+00  1.346511e+07
266  1.990339e+00  1.343689e+07
267  1.997821e+00  1.340829e+07
268  2.005304e+00  1.337707e+07
269  2.012786e+00  1.334701e+07
270  2.020269e+00  1.331657e+07
271  2.027751e+00  1.328436e+07
272  2.035234e+00  1.324722e+07
273  2.042716e+00  1.321246e+07
274  2.050199e+00  1.317599e+07
275  2.057681e+00  1.314602e+07
276  2.065164e+00  1.310565e+07
277  2.072646e+00  1.307132e+07
278  2.080129e+00  1.302973e+07
279  2.087611e+00  1.299005e+07
280  2.095093e+00  1.294787e+07
281  2.102576e+00  1.290912e+07
282  2.110059e+00  1.286850e+07
283  2.117541e+00  1.282463e+07
284  2.125023e+00  1.278565e+07
285  2.132506e+00  1.273687e+07
286  2.139988e+00  1.269573e+07
287  2.147471e+00  1.265388e+07
288  2.154953e+00  1.260518e+07
289  2.162436e+00  1.256064e+07
290  2.169918e+00  1.251523e+07
291  2.177401e+00  1.246316e+07
292  2.184883e+00  1.241330e+07
293  2.192366e+00  1.237052e+07
294  2.199848e+00  1.231899e+07
295  2.207331e+00  1.226563e+07
296  2.214813e+00  1.221496e+07
297  2.222296e+00  1.216914e+07
298  2.229778e+00  1.211449e+07
299  2.237261e+00  1.206357e+07
300  2.244743e+00  1.200653e+07
301  2.252226e+00  1.195646e+07
302  2.259708e+00  1.189894e+07
303  2.267190e+00  1.184840e+07
304  2.274673e+00  1.178681e+07
305  2.282156e+00  1.173258e+07
306  2.289638e+00  1.167916e+07
307  2.297120e+00  1.162227e+07
308  2.304603e+00  1.156445e+07
309  2.312085e+00  1.150335e+07
310  2.319568e+00  1.144699e+07
311  2.327050e+00  1.139102e+07
312  2.334533e+00  1.133056e+07
313  2.342015e+00  1.126587e+07
314  2.349498e+00  1.120667e+07
315  2.356980e+00  1.115061e+07
316  2.364463e+00  1.108872e+07
317  2.371945e+00  1.102628e+07
318  2.379428e+00  1.096175e+07
319  2.386910e+00  1.090009e+07
320  2.394393e+00  1.083487e+07
321  2.401875e+00  1.077498e+07
322  2.409358e+00  1.071029e+07
323  2.416840e+00  1.064534e+07
324  2.424323e+00  1.058087e+07
325  2.431805e+00  1.052075e+07
326  2.439287e+00  1.045609e+07
327  2.446770e+00  1.038736e+07
328  2.454252e+00  1.032533e+07
329  2.461735e+00  1.025496e+07
330  2.469217e+00  1.019328e+07
331  2.476700e+00  1.012776e+07
332  2.484182e+00  1.005756e+07
333  2.491665e+00  9.992674e+06
334  2.499147e+00  9.926144e+06
335  2.506630e+00  9.857201e+06
336  2.514112e+00  9.793755e+06
337  2.521595e+00  9.724846e+06
338  2.529077e+00  9.655487e+06
339  2.536560e+00  9.589396e+06
340  2.544042e+00  9.517113e+06
341  2.551525e+00  9.453715e+06
342  2.559007e+00  9.383349e+06
343  2.566490e+00  9.313476e+06
344  2.573972e+00  9.243857e+06
345  2.581455e+00  9.175954e+06
346  2.588937e+00  9.106391e+06
347  2.596420e+00  9.037624e+06
348  2.603902e+00  8.969015e+06
349  2.611384e+00  8.902004e+06
350  2.618867e+00  8.830881e+06
351  2.626349e+00  8.760757e+06
352  2.633832e+00  8.695650e+06
353  2.641314e+00  8.625769e+06
354  2.648797e+00  8.555067e+06
355  2.656279e+00  8.487752e+06
356  2.663762e+00  8.414203e+06
357  2.671244e+00  8.347317e+06
358  2.678727e+00  8.275685e+06
359  2.686209e+00  8.205250e+06
360  2.693692e+00  8.141517e+06
361  2.701174e+00  8.067628e+06
362  2.708657e+00  7.997938e+06
363  2.716139e+00  7.933645e+06
364  2.723622e+00  7.859547e+06
365  2.731104e+00  7.792247e+06
366  2.738587e+00  7.722592e+06
367  2.746069e+00  7.655366e+06
368  2.753551e+00  7.589276e+06
369  2.761034e+00  7.516701e+06
370  2.768517e+00  7.447829e+06
371  2.775999e+00  7.382167e+06
372  2.783481e+00  7.313739e+06
373  2.790964e+00  7.245610e+06
374  2.798446e+00  7.175356e+06
375  2.805929e+00  7.107571e+06
376  2.813411e+00  7.045243e+06
377  2.820894e+00  6.976531e+06
378  2.828376e+00  6.907773e+06
379  2.835859e+00  6.841802e+06
380  2.843341e+00  6.772658e+06
381  2.850824e+00  6.707481e+06
382  2.858306e+00  6.642833e+06
383  2.865789e+00  6.577525e+06
384  2.873271e+00  6.511713e+06
385  2.880754e+00  6.445749e+06
386  2.888236e+00  6.379053e+06
387  2.895719e+00  6.312317e+06
388  2.903201e+00  6.248122e+06
389  2.910684e+00  6.187114e+06
390  2.918166e+00  6.119901e+06
391  2.925648e+00  6.054658e+06
392  2.933131e+00  5.992847e+06
393  2.940614e+00  5.930141e+06
394  2.948096e+00  5.867935e+06
395  2.955578e+00  5.806776e+06
396  2.963061e+00  5.740603e+06
397  2.970543e+00  5.680077e+06
398  2.978026e+00  5.616664e+06
399  2.985508e+00  5.555814e+06
400  2.992991e+00  5.493752e+06
401  3.000473e+00  5.434764e+06
402  3.007956e+00  5.374770e+06
403  3.015438e+00  5.315128e+06
404  3.022921e+00  5.253894e+06
405  3.030403e+00  5.197590e+06
406  3.037886e+00  5.135141e+06
407  3.045368e+00  5.077551e+06
408  3.052851e+00  5.019106e+06
409  3.060333e+00  4.960831e+06
410  3.067816e+00  4.902837e+06
411  3.075298e+00  4.847434e+06
412  3.082781e+00  4.792810e+06
413  3.090263e+00  4.733399e+06
414  3.097745e+00  4.679982e+06
415  3.105228e+00  4.622156e+06
416  3.112710e+00  4.566822e+06
417  3.120193e+00  4.513318e+06
418  3.127675e+00  4.461164e+06
419  3.135158e+00  4.405293e+06
