# Detector:    LPD
# DateCreated: 2026-09-02T10:22:10

0    0.000000e+00  1.374173e+07
1    7.482498e-03  1.372450e+07
2    1.496500e-02  1.370685e+07
3    2.244749e-02  1.368736e+07
4    2.992999e-02  1.367592e+07
5    3.741249e-02  1.366218e+07
6    4.489499e-02  1.364630e+07
7    5.237748e-02  1.363887e+07
8    5.985998e-02  1.362968e+07
9    6.734248e-02  1.362000e+07
10   7.482498e-02  1.361218e+07
11   8.230748e-02  1.360577e+07
12   8.978997e-02  1.360091e+07
13   9.727247e-02  1.360482e+07
14   1.047550e-01  1.359988e+07
15   1.122375e-01  1.360373e+07
16   1.197200e-01  1.360185e+07
17   1.272025e-01  1.360792e+07
18   1.346850e-01  1.361334e+07
19   1.421675e-01  1.361673e+07
20   1.496500e-01  1.362324e+07
21   1.571325e-01  1.363434e+07
22   1.646150e-01  1.364742e+07
23   1.720975e-01  1.365879e+07
24   1.795799e-01  1.367174e+07
25   1.870624e-01  1.368649e+07
26   1.945449e-01  1.369921e+07
27   2.020274e-01  1.372093e+07
28   2.095099e-01  1.373643e+07
29   2.169924e-01  1.375409e+07
30   2.244749e-01  1.377879e+07
31   2.319574e-01  1.379758e+07
32   2.394399e-01  1.382271e+07
33   2.469224e-01  1.384906e+07
34   2.544049e-01  1.387411e+07
35   2.618874e-01  1.390559e+07
36   2.693699e-01  1.393840e+07
37   2.768524e-01  1.396881e+07
38   2.843349e-01  1.400004e+07
39   2.918174e-01  1.402839e+07
40   2.992999e-01  1.406307e+07
41   3.067824e-01  1.410501e+07
42   3.142649e-01  1.413936e+07
43   3.217474e-01  1.417596e+07
44   3.292299e-01  1.421808e+07
45   3.367124e-01  1.425946e+07
46   3.441949e-01  1.430210e+07
47   3.516774e-01  1.434865e+07
48   3.591599e-01  1.439643e+07
49   3.666424e-01  1.444296e+07
50   3.741249e-01  1.449013e+07
51   3.816074e-01  1.453329e+07
52   3.890899e-01  1.458308e+07
53   3.965724e-01  1.464113e+07
54   4.040549e-01  1.469079e+07
55   4.115374e-01  1.474470e+07
56   4.190199e-01  1.479885e+07
57   4.265024e-01  1.485330e+07
58   4.339849e-01  1.491163e+07
59   4.414674e-01  1.497454e+07
60   4.489499e-01  1.503185e+07
61   4.564324e-01  1.509387e+07
62   4.639149e-01  1.515972e+07
63   4.713974e-01  1.522315e+07
64   4.788799e-01  1.528507e+07
65   4.863624e-01  1.534832e+07
66   4.938449e-01  1.541549e+07
67   5.013273e-01  1.548459e+07
68   5.088099e-01  1.555947e+07
69   5.162923e-01  1.562214e+07
70   5.237749e-01  1.570111e+07
71   5.312573e-01  1.576630e+07
72   5.387399e-01  1.583969e+07
73   5.462223e-01  1.591577e+07
74   5.537049e-01  1.599082e+07
75   5.611873e-01  1.606704e+07
76   5.686699e-01  1.614591e+07
77   5.761523e-01  1.622494e+07
78   5.836349e-01  1.630243e+07
79   5.911173e-01  1.638476e+07
80   5.985999e-01  1.646854e+07
81   6.060823e-01  1.654673e+07
82   6.135648e-01  1.663059e+07
83   6.210473e-01  1.671445e+07
84   6.285298e-01  1.680089e+07
85   6.360123e-01  1.688665e+07
86   6.434948e-01  1.698034e+07
87   6.509773e-01  1.706608e+07
88   6.584598e-01  1.715034e+07
89   6.659423e-01  1.724084e+07
90   6.734248e-01  1.733503e+07
91   6.809073e-01  1.742836e+07
92   6.883898e-01  1.751891e+07
93   6.958723e-01  1.760541e+07
94   7.033548e-01  1.770362e+07
95   7.108373e-01  1.779746e+07
96   7.183198e-01  1.788931e+07
97   7.258023e-01  1.799194e+07
98   7.332848e-01  1.808236e+07
99   7.407673e-01  1.818080e+07
100  7.482498e-01  1.828085e+07
101  7.557323e-01  1.837482e+07
102  7.632148e-01  1.847573e+07
103  7.706973e-01  1.857148e+07
104  7.781798e-01  1.867566e+07
105  7.856623e-01  1.877972e+07
106  7.931448e-01  1.887816e+07
107  8.006273e-01  1.897751e+07
108  8.081098e-01  1.908238e+07
109  8.155923e-01  1.918423e+07
110  8.230748e-01  1.928647e+07
111  8.305573e-01  1.939234e+07
112  8.380398e-01  1.949631e+07
113  8.455223e-01  1.959819e+07
114  8.530048e-01  1.970206e+07
115  8.604873e-01  1.980421e+07
116  8.679698e-01  1.991201e+07
117  8.754523e-01  2.001522e+07
118  8.829347e-01  2.012287e+07
119  8.904173e-01  2.023469e+07
120  8.978997e-01  2.033534e+07
121  9.053823e-01  2.044936e+07
122  9.128647e-01  2.055300e+07
123  9.203473e-01  2.065808e+07
124  9.278297e-01  2.076926e+07
125  9.353123e-01  2.087140e+07
126  9.427947e-01  2.098195e+07
127  9.502773e-01  2.108591e+07
128  9.577597e-01  2.119688e+07
129  9.652422e-01  2.130350e+07
130  9.727247e-01  2.141573e+07
131  9.802072e-01  2.152041e+07
132  9.876897e-01  2.163375e+07
133  9.951722e-01  2.173360e+07
134  1.002655e+00  2.184256e+07
135  1.010137e+00  2.194816e+07
136  1.017620e+00  2.205979e+07
137  1.025102e+00  2.216647e+07
138  1.032585e+00  2.227099e+07
139  1.040067e+00  2.237796e+07
140  1.047550e+00  2.248859e+07
141  1.055032e+00  2.260063e+07
142  1.062515e+00  2.270161e+07
143  1.069997e+00  2.280908e+07
144  1.077480e+00  2.291632e+07
145  1.084962e+00  2.302246e+07
146  1.092445e+00  2.312200e+07
147  1.099927e+00  2.323099e+07
148  1.107410e+00  2.333857e+07
149  1.114892e+00  2.344029e+07
150  1.122375e+00  2.354644e+07
151  1.129857e+00  2.365045e+07
152  1.137340e+00  2.375327e+07
153  1.144822e+00  2.385677e+07
154  1.152305e+00  2.395318e+07
155  1.159787e+00  2.405059e+07
156  1.167270e+00  2.415178e+07
157  1.174752e+00  2.425784e+07
158  1.182235e+00  2.435400e+07
159  1.189717e+00  2.445732e+07
160  1.197200e+00  2.455055e+07
161  1.204682e+00  2.465011e+07
162  1.212165e+00  2.474846e+07
163  1.219647e+00  2.484543e+07
164  1.227130e+00  2.494269e+07
165  1.234612e+00  2.503140e+07
166  1.242095e+00  2.512518e+07
167  1.249577e+00  2.522102e+07
168  1.257060e+00  2.531135e+07
169  1.264542e+00  2.540332e+07
170  1.272025e+00  2.549241e+07
171  1.279507e+00  2.557868e+07
172  1.286990e+00  2.566855e+07
173  1.294472e+00  2.575453e+07
174  1.301955e+00  2.585029e+07
175  1.309437e+00  2.593130e+07
176  1.316920e+00  2.601538e+07
177  1.324402e+00  2.610166e+07
178  1.331885e+00  2.617719e+07
179  1.339367e+00  2.626278e+07
180  1.346850e+00  2.634598e+07
181  1.354332e+00  2.642542e+07
182  1.361815e+00  2.650461e+07
183  1.369297e+00  2.657488e+07
184  1.376780e+00  2.665580e+07
185  1.384262e+00  2.672632e+07
186  1.391745e+00  2.680250e+07
187  1.399227e+00  2.686969e+07
188  1.406710e+00  2.694621e+07
189  1.414192e+00  2.701685e+07
190  1.421675e+00  2.707669e+07
191  1.429157e+00  2.714443e+07
192  1.436640e+00  2.721754e+07
193  1.444122e+00  2.727855e+07
194  1.451605e+00  2.734406e+07
195  1.459087e+00  2.739959e+07
196  1.466570e+00  2.746050e+07
197  1.474052e+00  2.751943e+07
198  1.481535e+00  2.758257e+07
199  1.489017e+00  2.763320e+07
200  1.496500e+00  2.768409e+07
201  1.503982e+00  2.773750e+07
202  1.511465e+00  2.779159e+07
203  1.518947e+00  2.784543e+07
204  1.526430e+00  2.788695e+07
205  1.533912e+00  2.793297e+07
206  1.541395e+00  2.798364e+07
207  1.548877e+00  2.802367e+07
208  1.556360e+00  2.806844e+07
209  1.563842e+00  2.810507e+07
210  1.571325e+00  2.814379e+07
211  1.578807e+00  2.818846e+07
212  1.586290e+00  2.821837e+07
213  1.593772e+00  2.825589e+07
214  1.601255e+00  2.828265e+07
215  1.608737e+00  2.831816e+07
216  1.616220e+00  2.834612e+07
217  1.623702e+00  2.837394e+07
218  1.631185e+00  2.839560e+07
219  1.638667e+00  2.842337e+07
220  1.646150e+00  2.844928e+07
221  1.653632e+00  2.846068e+07
222  1.661115e+00  2.848460e+07
223  1.668597e+00  2.849831e+07
224  1.676080e+00  2.852107e+07
225  1.683562e+00  2.852467e+07
226  1.691045e+00  2.853816e+07
227  1.698527e+00  2.854653e+07
228  1.706010e+00  2.856167e+07
229  1.713492e+00  2.856611e+07
230  1.720975e+00  2.856754e+07
231  1.728457e+00  2.857173e+07
232  1.735940e+00  2.856962e+07
233  1.743422e+00  2.857760e+07
234  1.750905e+00  2.856842e+07
235  1.758387e+00  2.856880e+07
236  1.765869e+00  2.855964e+07
237  1.773352e+00  2.855519e+07
238  1.780835e+00  2.854125e+07
239  1.788317e+00  2.853691e+07
240  1.795799e+00  2.851586e+07
241  1.803282e+00  2.850585e+07
242  1.810765e+00  2.848967e+07
243  1.818247e+00  2.846531e+07
244  1.825729e+00  2.845253e+07
245  1.833212e+00  2.842289e+07
246  1.840695e+00  2.839944e+07
247  1.848177e+00  2.837280e+07
248  1.855659e+00  2.835134e+07
249  1.863142e+00  2.831904e+07
250  1.870625e+00  2.828932e+07
251  1.878107e+00  2.825598e+07
252  1.885589e+00  2.822120e+07
253  1.893072e+00  2.817934e+07
254  1.900555e+00  2.813995e+07
255  1.908037e+00  2.810765e+07
256  1.915519e+00  2.805705e+07
257  1.923002e+00  2.801529e+07
258  1.930484e+00  2.797700e+07
259  1.937967e+00  2.792199e+07
260  1.945449e+00  2.787803e+07
261  1.952932e+00  2.782826e+07
262  1.960414e+00  2.777404e+07
263  1.967897e+00  2.772120e+07
264  1.975379e+00  2.766362e+07
265  1.982862e+00  2.760667e+07
266  1.990344e+00  2.755059e+07
267  1.997827e+00  2.749000e+07
268  2.005309e+00  2.742866e+07
269  2.012792e+00  2.735728e+07
270  2.020274e+00  2.729715e+07
271  2.027757e+00  2.722333e+07
272  2.035239e+00  2.715347e+07
273  2.042722e+00  2.708469e+07
274  2.050205e+00  2.700934e+07
275  2.057687e+00  2.694259e+07
276  2.065169e+00  2.686045e+07
277  2.072652e+00  2.678597e+07
278  2.080134e+00  2.671259e+07
279  2.087617e+00  2.662768e+07
280  2.095099e+00  2.654310e+07
281  2.102582e+00  2.646307e+07
282  2.110065e+00  2.637305e+07
283  2.117547e+00  2.629131e+07
284  2.125029e+00  2.620274e+07
285  2.132512e+00  2.611780e+07
286  2.139994e+00  2.602403e+07
287  2.147477e+00  2.593204e+07
288  2.154959e+00  2.584053e+07
289  2.162442e+00  2.574884e+07
290  2.169924e+00  2.565234e+07
291  2.177407e+00  2.554830e+07
292  2.184889e+00  2.545050e+07
293  2.192372e+00  2.534814e+07
294  2.199854e+00  2.525285e+07
295  2.207337e+00  2.514495e+07
296  2.214819e+00  2.504115e+07
297  2.222302e+00  2.493501e+07
298  2.229784e+00  2.483350e+07
299  2.237267e+00  2.472764e+07
300  2.244749e+00  2.461411e+07
301  2.252232e+00  2.450049e+07
302  2.259714e+00  2.439293e+07
303  2.267197e+00  2.427815e+07
304  2.274679e+00  2.416502e+07
305  2.282162e+00  2.405623e+07
306  2.289644e+00  2.393403e+07
307  2.297127e+00  2.382338e+07
308  2.304609e+00  2.370216e+07
309  2.312092e+00  2.358160e+07
310  2.319574e+00  2.346229e+07
311  2.327057e+00  2.334320e+07
312  2.334539e+00  2.322292e+07
313  2.342022e+00  2.310163e+07
314  2.349504e+00  2.297095e+07
315  2.356987e+00  2.284680e+07
316  2.364469e+00  2.272211e+07
317  2.371952e+00  2.259767e+07
318  2.379434e+00  2.246997e+07
319  2.386917e+00  2.234506e+07
320  2.394399e+00  2.221206e+07
321  2.401882e+00  2.208232e+07
322  2.409364e+00  2.195971e+07
323  2.416847e+00  2.182203e+07
324  2.424329e+00  2.169100e+07
325  2.431812e+00  2.155928e+07
326  2.439294e+00  2.142565e+07
327  2.446777e+00  2.129620e+07
328  2.454259e+00  2.115940e+07
329  2.461742e+00  2.102772e+07
330  2.469224e+00  2.089224e+07
331  2.476707e+00  2.075492e+07
332  2.484189e+00  2.061574e+07
333  2.491672e+00  2.048094e+07
334  2.499154e+00  2.034457e+07
335  2.506637e+00  2.020504e+07
336  2.514119e+00  2.006581e+07
337  2.521602e+00  1.992777e+07
338  2.529084e+00  1.979235e+07
339  2.536567e+00  1.965555e+07
340  2.544049e+00  1.951548e+07
341  2.551532e+00  1.937170e+07
342  2.559014e+00  1.923638e+07
343  2.566497e+00  1.908952e+07
344  2.573979e+00  1.895098e+07
345  2.581462e+00  1.881194e+07
346  2.588944e+00  1.866768e+07
347  2.596427e+00  1.852853e+07
348  2.603909e+00  1.839017e+07
349  2.611392e+00  1.824582e+07
350  2.618874e+00  1.810490e+07
351  2.626357e+00  1.795992e+07
352  2.633839e+00  1.781607e+07
353  2.641322e+00  1.767731e+07
354  2.648804e+00  1.753892e+07
355  2.656287e+00  1.739063e+07
356  2.663769e+00  1.724996e+07
357  2.671252e+00  1.711102e+07
358  2.678734e+00  1.696847e+07
359  2.686217e+00  1.682768e+07
360  2.693699e+00  1.668656e+07
361  2.701182e+00  1.653791e+07
362  2.708664e+00  1.640043e+07
363  2.716147e+00  1.625416e+07
364  2.723629e+00  1.611704e+07
365  2.731112e+00  1.597317e+07
366  2.738594e+00  1.583670e+07
367  2.746077e+00  1.569586e+07
368  2.753559e+00  1.555500e+07
369  2.761042e+00  1.541107e+07
370  2.768524e+00  1.527162e+07
371  2.776007e+00  1.512741e+07
372  2.783489e+00  1.499327e+07
373  2.790972e+00  1.485018e+07
374  2.798454e+00  1.471205e+07
375  2.805937e+00  1.457094e+07
376  2.813419e+00  1.443429e+07
377  2.820902e+00  1.429911e+07
378  2.828384e+00  1.416115e+07
379  2.835867e+00  1.402079e+07
380  2.843349e+00  1.388293e+07
381  2.850832e+00  1.374963e+07
382  2.858314e+00  1.361785e+07
383  2.865797e+00  1.347850e+07
384  2.873279e+00  1.334572e+07
385  2.880762e+00  1.320955e+07
386  2.888244e+00  1.307626e+07
387  2.895727e+00  1.294349e+07
388  2.903209e+00  1.281277e+07
389  2.910692e+00  1.267900e+07
390  2.918174e+00  1.254453e+07
391  2.925657e+00  1.241820e+07
392  2.933139e+00  1.228383e+07
393  2.940622e+00  1.215375e+07
394  2.948104e+00  1.202725e+07
395  2.955587e+00  1.189933e+07
396  2.963069e+00  1.176899e+07
397  2.970552e+00  1.164143e+07
398  2.978034e+00  1.151889e+07
399  2.985517e+00  1.139352e+07
400  2.992999e+00  1.126548e+07
401  3.000482e+00  1.114095e+07
402  3.007964e+00  1.101599e+07
403  3.015447e+00  1.089103e+07
404  3.022929e+00  1.077444e+07
405  3.030412e+00  1.065313e+07
406  3.037894e+00  1.053126e+07
407  3.045377e+00  1.040640e+07
408  3.052859e+00  1.028979e+07
409  3.060342e+00  1.017061e+07
410  3.067824e+00  1.005451e+07
411  3.075307e+00  9.939451e+06
412  3.082789e+00  9.818891e+06
413  3.090272e+00  9.705901e+06
414  3.097754e+00  9.593299e+06
415  3.105237e+00  9.480482e+06
416  3.112719e+00  9.366705e+06
417  3.120202e+00  9.250712e+06
418  3.127684e+00  9.140364e+06
419  3.135167e+00  9.030618e+06
