# Detector:    LPD
# DateCreated: 2026-09-02T10:22:03

0    0.000000e+00  1.505447e+07
1    7.482454e-03  1.503610e+07
2    1.496491e-02  1.501833e+07
3    2.244736e-02  1.499388e+07
4    2.992982e-02  1.498424e+07
5    3.741227e-02  1.496729e+07
6    4.489473e-02  1.494977e+07
7    5.237718e-02  1.494086e+07
8    5.985963e-02  1.493112e+07
9    6.734209e-02  1.492456e+07
10   7.482454e-02  1.491800e+07
11   8.230700e-02  1.491100e+07
12   8.978945e-02  1.490330e+07
13   9.727190e-02  1.490581e+07
14   1.047544e-01  1.490402e+07
15   1.122368e-01  1.490068e+07
16   1.197193e-01  1.490124e+07
17   1.272017e-01  1.490774e+07
18   1.346842e-01  1.491103e+07
19   1.421666e-01  1.492010e+07
20   1.496491e-01  1.493078e+07
21   1.571315e-01  1.494244e+07
22   1.646140e-01  1.494968e+07
23   1.720964e-01  1.496141e+07
24   1.795789e-01  1.497554e+07
25   1.870614e-01  1.499507e+07
26   1.945438e-01  1.501149e+07
27   2.020263e-01  1.503348e+07
28   2.095087e-01  1.504884e+07
29   2.169912e-01  1.507145e+07
30   2.244736e-01  1.509693e+07
31   2.319561e-01  1.512355e+07
32   2.394385e-01  1.514870e+07
33   2.469210e-01  1.517840e+07
34   2.544034e-01  1.520833e+07
35   2.618859e-01  1.523698e+07
36   2.693684e-01  1.527125e+07
37   2.768508e-01  1.529858e+07
38   2.843333e-01  1.533730e+07
39   2.918157e-01  1.537522e+07
40   2.992982e-01  1.541264e+07
41   3.067806e-01  1.545099e+07
42   3.142631e-01  1.549110e+07
43   3.217455e-01  1.553352e+07
44   3.292280e-01  1.557880e+07
45   3.367105e-01  1.562543e+07
46   3.441929e-01  1.567272e+07
47   3.516753e-01  1.571990e+07
48   3.591578e-01  1.576718e+07
49   3.666403e-01  1.581757e+07
50   3.741227e-01  1.586918e+07
51   3.816051e-01  1.593035e+07
52   3.890876e-01  1.598062e+07
53   3.965701e-01  1.604135e+07
54   4.040525e-01  1.610013e+07
55   4.115350e-01  1.615810e+07
56   4.190174e-01  1.621913e+07
57   4.264999e-01  1.627933e+07
58   4.339823e-01  1.634010e+07
59   4.414648e-01  1.640686e+07
60   4.489473e-01  1.646827e+07
61   4.564297e-01  1.653681e+07
62   4.639122e-01  1.660804e+07
63   4.713946e-01  1.667489e+07
64   4.788771e-01  1.674568e+07
65   4.863595e-01  1.682053e+07
66   4.938420e-01  1.689662e+07
67   5.013244e-01  1.696603e+07
68   5.088069e-01  1.704534e+07
69   5.162894e-01  1.711720e+07
70   5.237718e-01  1.719977e+07
71   5.312542e-01  1.728166e+07
72   5.387367e-01  1.735708e+07
73   5.462192e-01  1.744213e+07
74   5.537016e-01  1.752569e+07
75   5.611840e-01  1.760640e+07
76   5.686665e-01  1.769637e+07
77   5.761490e-01  1.777865e+07
78   5.836314e-01  1.786939e+07
79   5.911139e-01  1.795602e+07
80   5.985963e-01  1.804565e+07
81   6.060788e-01  1.813404e+07
82   6.135613e-01  1.822450e+07
83   6.210437e-01  1.831813e+07
84   6.285262e-01  1.840758e+07
85   6.360086e-01  1.850903e+07
86   6.434910e-01  1.859857e+07
87   6.509735e-01  1.870004e+07
88   6.584560e-01  1.879232e+07
89   6.659384e-01  1.889423e+07
90   6.734209e-01  1.898733e+07
91   6.809033e-01  1.909282e+07
92   6.883858e-01  1.919381e+07
93   6.958683e-01  1.929735e+07
94   7.033507e-01  1.939419e+07
95   7.108331e-01  1.950088e+07
96   7.183156e-01  1.960766e+07
97   7.257981e-01  1.970551e+07
98   7.332805e-01  1.981123e+07
99   7.407629e-01  1.991928e+07
100  7.482454e-01  2.002414e+07
101  7.557279e-01  2.013894e+07
102  7.632103e-01  2.023864e+07
103  7.706928e-01  2.034919e+07
104  7.781752e-01  2.046199e+07
105  7.856577e-01  2.057637e+07
106  7.931402e-01  2.068536e+07
107  8.006226e-01  2.079454e+07
108  8.081051e-01  2.090486e+07
109  8.155875e-01  2.101902e+07
110  8.230699e-01  2.113030e+07
111  8.305524e-01  2.124616e+07
112  8.380349e-01  2.135427e+07
113  8.455173e-01  2.147276e+07
114  8.529998e-01  2.159058e+07
115  8.604822e-01  2.170730e+07
116  8.679647e-01  2.182035e+07
117  8.754472e-01  2.193007e+07
118  8.829296e-01  2.205107e+07
119  8.904120e-01  2.217080e+07
120  8.978945e-01  2.228189e+07
121  9.053770e-01  2.240292e+07
122  9.128594e-01  2.252202e+07
123  9.203418e-01  2.263431e+07
124  9.278243e-01  2.275488e+07
125  9.353068e-01  2.286753e+07
126  9.427892e-01  2.298496e+07
127  9.502717e-01  2.310457e+07
128  9.577541e-01  2.322239e+07
129  9.652366e-01  2.334010e+07
130  9.727191e-01  2.345687e+07
131  9.802015e-01  2.358015e+07
132  9.876840e-01  2.369828e+07
133  9.951664e-01  2.382047e+07
134  1.002649e+00  2.393537e+07
135  1.010131e+00  2.405486e+07
136  1.017614e+00  2.417190e+07
137  1.025096e+00  2.429098e+07
138  1.032579e+00  2.440919e+07
139  1.040061e+00  2.452268e+07
140  1.047544e+00  2.464081e+07
141  1.055026e+00  2.475799e+07
142  1.062508e+00  2.487358e+07
143  1.069991e+00  2.499310e+07
144  1.077473e+00  2.510930e+07
145  1.084956e+00  2.522350e+07
146  1.092438e+00  2.533576e+07
147  1.099921e+00  2.545638e+07
148  1.107403e+00  2.556401e+07
149  1.114886e+00  2.568418e+07
150  1.122368e+00  2.579626e+07
151  1.129851e+00  2.590520e+07
152  1.137333e+00  2.601710e+07
153  1.144815e+00  2.613535e+07
154  1.152298e+00  2.624226e+07
155  1.159780e+00  2.636061e+07
156  1.167263e+00  2.646331e+07
157  1.174745e+00  2.657953e+07
158  1.182228e+00  2.668303e+07
159  1.189710e+00  2.679242e+07
160  1.197193e+00  2.690521e+07
161  1.204675e+00  2.701034e+07
162  1.212158e+00  2.710911e+07
163  1.219640e+00  2.721997e+07
164  1.227123e+00  2.732075e+07
165  1.234605e+00  2.743175e+07
166  1.242087e+00  2.752711e+07
167  1.249570e+00  2.763500e+07
168  1.257052e+00  2.773510e+07
169  1.264535e+00  2.783516e+07
170  1.272017e+00  2.793693e+07
171  1.279500e+00  2.802641e+07
172  1.286982e+00  2.812299e+07
173  1.294465e+00  2.822000e+07
174  1.301947e+00  2.832096e+07
175  1.309430e+00  2.841077e+07
176  1.316912e+00  2.850812e+07
177  1.324394e+00  2.859729e+07
178  1.331877e+00  2.868178e+07
179  1.339359e+00  2.877125e+07
180  1.346842e+00  2.886557e+07
181  1.354324e+00  2.895395e+07
182  1.361807e+00  2.903006e+07
183  1.369289e+00  2.912438e+07
184  1.376772e+00  2.920383e+07
185  1.384254e+00  2.928691e+07
186  1.391737e+00  2.936020e+07
187  1.399219e+00  2.943782e+07
188  1.406701e+00  2.951872e+07
189  1.414184e+00  2.959978e+07
190  1.421666e+00  2.967637e+07
191  1.429149e+00  2.974521e+07
192  1.436631e+00  2.981205e+07
193  1.444114e+00  2.988546e+07
194  1.451596e+00  2.995396e+07
195  1.459079e+00  3.001843e+07
196  1.466561e+00  3.008880e+07
197  1.474043e+00  3.015392e+07
198  1.481526e+00  3.021072e+07
199  1.489008e+00  3.027972e+07
200  1.496491e+00  3.033771e+07
201  1.503973e+00  3.039154e+07
202  1.511456e+00  3.044586e+07
203  1.518938e+00  3.050196e+07
204  1.526421e+00  3.055927e+07
205  1.533903e+00  3.060670e+07
206  1.541386e+00  3.066171e+07
207  1.548868e+00  3.071124e+07
208  1.556350e+00  3.075056e+07
209  1.563833e+00  3.079482e+07
210  1.571315e+00  3.083691e+07
211  1.578798e+00  3.087489e+07
212  1.586280e+00  3.092307e+07
213  1.593763e+00  3.095205e+07
214  1.601245e+00  3.099315e+07
215  1.608728e+00  3.102172e+07
216  1.616210e+00  3.105538e+07
217  1.623693e+00  3.108834e+07
218  1.631175e+00  3.111757e+07
219  1.638657e+00  3.114582e+07
220  1.646140e+00  3.116775e+07
221  1.653622e+00  3.118534e+07
222  1.661105e+00  3.121162e+07
223  1.668587e+00  3.122532e+07
224  1.676070e+00  3.123940e+07
225  1.683552e+00  3.126077e+07
226  1.691035e+00  3.126637e+07
227  1.698517e+00  3.128016e+07
228  1.706000e+00  3.129556e+07
229  1.713482e+00  3.130317e+07
230  1.720964e+00  3.130834e+07
231  1.728447e+00  3.131193e+07
232  1.735929e+00  3.130588e+07
233  1.743412e+00  3.130518e+07
234  1.750894e+00  3.130606e+07
235  1.758377e+00  3.129615e+07
236  1.765859e+00  3.129301e+07
237  1.773342e+00  3.128528e+07
238  1.780824e+00  3.127621e+07
239  1.788307e+00  3.126175e+07
240  1.795789e+00  3.124800e+07
241  1.803271e+00  3.123546e+07
242  1.810754e+00  3.121034e+07
243  1.818236e+00  3.118842e+07
244  1.825719e+00  3.116408e+07
245  1.833201e+00  3.114712e+07
246  1.840684e+00  3.111295e+07
247  1.848166e+00  3.109056e+07
248  1.855649e+00  3.106389e+07
249  1.863131e+00  3.102780e+07
250  1.870614e+00  3.099050e+07
251  1.878096e+00  3.096146e+07
252  1.885578e+00  3.091908e+07
253  1.893061e+00  3.087962e+07
254  1.900543e+00  3.084173e+07
255  1.908026e+00  3.079559e+07
256  1.915508e+00  3.075108e+07
257  1.922991e+00  3.069414e+07
258  1.930473e+00  3.064758e+07
259  1.937956e+00  3.059200e+07
260  1.945438e+00  3.054099e+07
261  1.952921e+00  3.048699e+07
262  1.960403e+00  3.043020e+07
263  1.967885e+00  3.037357e+07
264  1.975368e+00  3.030602e+07
265  1.982850e+00  3.024575e+07
266  1.990333e+00  3.018725e+07
267  1.997815e+00  3.011404e+07
268  2.005298e+00  3.004176e+07
269  2.012780e+00  2.997366e+07
270  2.020263e+00  2.990525e+07
271  2.027745e+00  2.983031e+07
272  2.035228e+00  2.974938e+07
273  2.042710e+00  2.967962e+07
274  2.050192e+00  2.959739e+07
275  2.057675e+00  2.951671e+07
276  2.065157e+00  2.943887e+07
277  2.072640e+00  2.935379e+07
278  2.080122e+00  2.926278e+07
279  2.087605e+00  2.917114e+07
280  2.095087e+00  2.909027e+07
281  2.102570e+00  2.899429e+07
282  2.110052e+00  2.889700e+07
283  2.117535e+00  2.881134e+07
284  2.125017e+00  2.870627e+07
285  2.132499e+00  2.860929e+07
286  2.139982e+00  2.851171e+07
287  2.147464e+00  2.841202e+07
288  2.154947e+00  2.831129e+07
289  2.162429e+00  2.820433e+07
290  2.169912e+00  2.810381e+07
291  2.177394e+00  2.799437e+07
292  2.184877e+00  2.788560e+07
293  2.192359e+00  2.777567e+07
294  2.199841e+00  2.766883e+07
295  2.207324e+00  2.754816e+07
296  2.214807e+00  2.743415e+07
297  2.222289e+00  2.732293e+07
298  2.229771e+00  2.720629e+07
299  2.237254e+00  2.709224e+07
300  2.244736e+00  2.697091e+07
301  2.252219e+00  2.684538e+07
302  2.259701e+00  2.672979e+07
303  2.267184e+00  2.660354e+07
304  2.274666e+00  2.647861e+07
305  2.282149e+00  2.634962e+07
306  2.289631e+00  2.622357e+07
307  2.297113e+00  2.610151e+07
308  2.304596e+00  2.596618e+07
309  2.312078e+00  2.584310e+07
310  2.319561e+00  2.570863e+07
311  2.327043e+00  2.557783e+07
312  2.334526e+00  2.544541e+07
313  2.342008e+00  2.530312e+07
314  2.349491e+00  2.517345e+07
315  2.356973e+00  2.503516e+07
316  2.364455e+00  2.489429e+07
317  2.371938e+00  2.476135e+07
318  2.379421e+00  2.462485e+07
319  2.386903e+00  2.448213e+07
320  2.394385e+00  2.433699e+07
321  2.401868e+00  2.420241e+07
322  2.409350e+00  2.405279e+07
323  2.416833e+00  2.391159e+07
324  2.424315e+00  2.376952e+07
325  2.431798e+00  2.362421e+07
326  2.439280e+00  2.348056e+07
327  2.446763e+00  2.333641e+07
328  2.454245e+00  2.318715e+07
329  2.461727e+00  2.304090e+07
330  2.469210e+00  2.288582e+07
331  2.476692e+00  2.274154e+07
332  2.484175e+00  2.259350e+07
333  2.491657e+00  2.244713e+07
334  2.499140e+00  2.228817e+07
335  2.506622e+00  2.214196e+07
336  2.514105e+00  2.198965e+07
337  2.521587e+00  2.184149e+07
338  2.529069e+00  2.168998e+07
339  2.536552e+00  2.153225e+07
340  2.544034e+00  2.137987e+07
341  2.551517e+00  2.123052e+07
342  2.558999e+00  2.107369e+07
343  2.566482e+00  2.091804e+07
344  2.573964e+00  2.076217e+07
345  2.581447e+00  2.060773e+07
346  2.588929e+00  2.045892e+07
347  2.596412e+00  2.030128e+07
348  2.603894e+00  2.014231e+07
349  2.611377e+00  1.998733e+07
350  2.618859e+00  1.983265e+07
351  2.626341e+00  1.968399e+07
352  2.633824e+00  1.952365e+07
353  2.641306e+00  1.936940e+07
354  2.648789e+00  1.921389e+07
355  2.656271e+00  1.905718e+07
356  2.663754e+00  1.889912e+07
357  2.671236e+00  1.874221e+07
358  2.678719e+00  1.858881e+07
359  2.686201e+00  1.843222e+07
360  2.693684e+00  1.827916e+07
361  2.701166e+00  1.812076e+07
362  2.708648e+00  1.796528e+07
363  2.716131e+00  1.781629e+07
364  2.723613e+00  1.765649e+07
365  2.731096e+00  1.750428e+07
366  2.738578e+00  1.734922e+07
367  2.746061e+00  1.719211e+07
368  2.753543e+00  1.703627e+07
369  2.761026e+00  1.688316e+07
370  2.768508e+00  1.672925e+07
371  2.775990e+00  1.657939e+07
372  2.783473e+00  1.642639e+07
373  2.790955e+00  1.626986e+07
374  2.798438e+00  1.612025e+07
375  2.805920e+00  1.597003e+07
376  2.813403e+00  1.581917e+07
377  2.820885e+00  1.566657e+07
378  2.828368e+00  1.551575e+07
379  2.835850e+00  1.536830e+07
380  2.843333e+00  1.521206e+07
381  2.850815e+00  1.506861e+07
382  2.858298e+00  1.491342e+07
383  2.865780e+00  1.476609e+07
384  2.873262e+00  1.462493e+07
385  2.880745e+00  1.447024e+07
386  2.888227e+00  1.432881e+07
387  2.895710e+00  1.418513e+07
388  2.903192e+00  1.403350e+07
389  2.910675e+00  1.388938e+07
390  2.918157e+00  1.374705e+07
391  2.925640e+00  1.360128e+07
392  2.933122e+00  1.346395e+07
393  2.940604e+00  1.332144e+07
394  2.948087e+00  1.317961e+07
395  2.955570e+00  1.303612e+07
396  2.963052e+00  1.289426e+07
397  2.970534e+00  1.275852e+07
398  2.978017e+00  1.261965e+07
399  2.985499e+00  1.247664e+07
400  2.992982e+00  1.234205e+07
401  3.000464e+00  1.220374e+07
402  3.007946e+00  1.207027e+07
403  3.015429e+00  1.193881e+07
404  3.022912e+00  1.180377e+07
405  3.030394e+00  1.166966e+07
406  3.037876e+00  1.153414e+07
407  3.045359e+00  1.140443e+07
408  3.052841e+00  1.127343e+07
409  3.060324e+00  1.114411e+07
410  3.067806e+00  1.101874e+07
411  3.075289e+00  1.088714e+07
412  3.082771e+00  1.075932e+07
413  3.090254e+00  1.063312e+07
414  3.097736e+00  1.050904e+07
415  3.105218e+00  1.038529e+07
416  3.112701e+00  1.026198e+07
417  3.120183e+00  1.013949e+07
418  3.127666e+00  1.001343e+07
419  3.135148e+00  9.895375e+06
