# Detector:    LPD
# DateCreated: 2026-09-02T10:22:06

0    0.000000e+00  1.149812e+07
1    7.482394e-03  1.148034e+07
2    1.496479e-02  1.146712e+07
3    2.244718e-02  1.145726e+07
4    2.992957e-02  1.144010e+07
5    3.741197e-02  1.142800e+07
6    4.489436e-02  1.141868e+07
7    5.237675e-02  1.140905e+07
8    5.985915e-02  1.140549e+07
9    6.734154e-02  1.139527e+07
10   7.482394e-02  1.139084e+07
11   8.230633e-02  1.138617e+07
12   8.978872e-02  1.138400e+07
13   9.727111e-02  1.138300e+07
14   1.047535e-01  1.138070e+07
15   1.122359e-01  1.138533e+07
16   1.197183e-01  1.138246e+07
17   1.272007e-01  1.138964e+07
18   1.346831e-01  1.138781e+07
19   1.421655e-01  1.139816e+07
20   1.496479e-01  1.139975e+07
21   1.571303e-01  1.141179e+07
22   1.646127e-01  1.141626e+07
23   1.720951e-01  1.142530e+07
24   1.795774e-01  1.143829e+07
25   1.870598e-01  1.145457e+07
26   1.945422e-01  1.146615e+07
27   2.020246e-01  1.147667e+07
28   2.095070e-01  1.149438e+07
29   2.169894e-01  1.151317e+07
30   2.244718e-01  1.152960e+07
31   2.319542e-01  1.154946e+07
32   2.394366e-01  1.157158e+07
33   2.469190e-01  1.158923e+07
34   2.544014e-01  1.161576e+07
35   2.618838e-01  1.163484e+07
36   2.693662e-01  1.166324e+07
37   2.768486e-01  1.168544e+07
38   2.843310e-01  1.171520e+07
39   2.918133e-01  1.174115e+07
40   2.992958e-01  1.176988e+07
41   3.067781e-01  1.179954e+07
42   3.142605e-01  1.183026e+07
43   3.217429e-01  1.186245e+07
44   3.292253e-01  1.190241e+07
45   3.367077e-01  1.193168e+07
46   3.441901e-01  1.196925e+07
47   3.516725e-01  1.200629e+07
48   3.591549e-01  1.204188e+07
49   3.666373e-01  1.208014e+07
50   3.741197e-01  1.212046e+07
51   3.816021e-01  1.216345e+07
52   3.890845e-01  1.220777e+07
53   3.965669e-01  1.225127e+07
54   4.040492e-01  1.229401e+07
55   4.115317e-01  1.234192e+07
56   4.190140e-01  1.238232e+07
57   4.264964e-01  1.243142e+07
58   4.339788e-01  1.248093e+07
59   4.414612e-01  1.252976e+07
60   4.489436e-01  1.258362e+07
61   4.564260e-01  1.263029e+07
62   4.639084e-01  1.268517e+07
63   4.713908e-01  1.273556e+07
64   4.788732e-01  1.278850e+07
65   4.863556e-01  1.284633e+07
66   4.938380e-01  1.290247e+07
67   5.013204e-01  1.295870e+07
68   5.088028e-01  1.301885e+07
69   5.162852e-01  1.307730e+07
70   5.237675e-01  1.313371e+07
71   5.312499e-01  1.319599e+07
72   5.387323e-01  1.325504e+07
73   5.462148e-01  1.331778e+07
74   5.536971e-01  1.338658e+07
75   5.611795e-01  1.345135e+07
76   5.686619e-01  1.350930e+07
77   5.761443e-01  1.357796e+07
78   5.836267e-01  1.364619e+07
79   5.911091e-01  1.370966e+07
80   5.985915e-01  1.377865e+07
81   6.060739e-01  1.385119e+07
82   6.135563e-01  1.392340e+07
83   6.210387e-01  1.398983e+07
84   6.285211e-01  1.406184e+07
85   6.360034e-01  1.413436e+07
86   6.434858e-01  1.420717e+07
87   6.509683e-01  1.428171e+07
88   6.584507e-01  1.435705e+07
89   6.659330e-01  1.442903e+07
90   6.734154e-01  1.450199e+07
91   6.808978e-01  1.457906e+07
92   6.883802e-01  1.465891e+07
93   6.958626e-01  1.473598e+07
94   7.033450e-01  1.481477e+07
95   7.108274e-01  1.489346e+07
96   7.183098e-01  1.497390e+07
97   7.257922e-01  1.504959e+07
98   7.332746e-01  1.513372e+07
99   7.407570e-01  1.521107e+07
100  7.482393e-01  1.529416e+07
101  7.557217e-01  1.537784e+07
102  7.632042e-01  1.546295e+07
103  7.706866e-01  1.554660e+07
104  7.781689e-01  1.562673e+07
105  7.856513e-01  1.571288e+07
106  7.931337e-01  1.579928e+07
107  8.006161e-01  1.588582e+07
108  8.080985e-01  1.596541e+07
109  8.155809e-01  1.605030e+07
110  8.230633e-01  1.613875e+07
111  8.305457e-01  1.622595e+07
112  8.380281e-01  1.631577e+07
113  8.455105e-01  1.640215e+07
114  8.529929e-01  1.649135e+07
115  8.604752e-01  1.657919e+07
116  8.679577e-01  1.666515e+07
117  8.754401e-01  1.674953e+07
118  8.829225e-01  1.684566e+07
119  8.904048e-01  1.692906e+07
120  8.978872e-01  1.701966e+07
121  9.053696e-01  1.710835e+07
122  9.128520e-01  1.719858e+07
123  9.203344e-01  1.729002e+07
124  9.278168e-01  1.738002e+07
125  9.352992e-01  1.746815e+07
126  9.427816e-01  1.756207e+07
127  9.502640e-01  1.764682e+07
128  9.577464e-01  1.774191e+07
129  9.652288e-01  1.782710e+07
130  9.727111e-01  1.791914e+07
131  9.801936e-01  1.801231e+07
132  9.876760e-01  1.809853e+07
133  9.951584e-01  1.818741e+07
134  1.002641e+00  1.828380e+07
135  1.010123e+00  1.837254e+07
136  1.017606e+00  1.846112e+07
137  1.025088e+00  1.854801e+07
138  1.032570e+00  1.864158e+07
139  1.040053e+00  1.872911e+07
140  1.047535e+00  1.882267e+07
141  1.055017e+00  1.890945e+07
142  1.062500e+00  1.899932e+07
143  1.069982e+00  1.908534e+07
144  1.077465e+00  1.917651e+07
145  1.084947e+00  1.926320e+07
146  1.092430e+00  1.935388e+07
147  1.099912e+00  1.944383e+07
148  1.107394e+00  1.953109e+07
149  1.114877e+00  1.961144e+07
150  1.122359e+00  1.970323e+07
151  1.129841e+00  1.978696e+07
152  1.137324e+00  1.987413e+07
153  1.144806e+00  1.995707e+07
154  1.152289e+00  2.004675e+07
155  1.159771e+00  2.013012e+07
156  1.167253e+00  2.021736e+07
157  1.174736e+00  2.029378e+07
158  1.182218e+00  2.037851e+07
159  1.189701e+00  2.046146e+07
160  1.197183e+00  2.054748e+07
161  1.204665e+00  2.062903e+07
162  1.212148e+00  2.070573e+07
163  1.219630e+00  2.078676e+07
164  1.227113e+00  2.087014e+07
165  1.234595e+00  2.094585e+07
166  1.242077e+00  2.102395e+07
167  1.249560e+00  2.110806e+07
168  1.257042e+00  2.118526e+07
169  1.264525e+00  2.125830e+07
170  1.272007e+00  2.133038e+07
171  1.279489e+00  2.140592e+07
172  1.286972e+00  2.148414e+07
173  1.294454e+00  2.155854e+07
174  1.301937e+00  2.162427e+07
175  1.309419e+00  2.170329e+07
176  1.316901e+00  2.176846e+07
177  1.324384e+00  2.183819e+07
178  1.331866e+00  2.191381e+07
179  1.339348e+00  2.197433e+07
180  1.346831e+00  2.204141e+07
181  1.354313e+00  2.211171e+07
182  1.361796e+00  2.217949e+07
183  1.369278e+00  2.224459e+07
184  1.376760e+00  2.229949e+07
185  1.384243e+00  2.236905e+07
186  1.391725e+00  2.242571e+07
187  1.399208e+00  2.248689e+07
188  1.406690e+00  2.254876e+07
189  1.414172e+00  2.260697e+07
190  1.421655e+00  2.266186e+07
191  1.429137e+00  2.271838e+07
192  1.436620e+00  2.277076e+07
193  1.444102e+00  2.282768e+07
194  1.451584e+00  2.288402e+07
195  1.459067e+00  2.293493e+07
196  1.466549e+00  2.297645e+07
197  1.474032e+00  2.303133e+07
198  1.481514e+00  2.307514e+07
199  1.488996e+00  2.312724e+07
200  1.496479e+00  2.317374e+07
201  1.503961e+00  2.321719e+07
202  1.511443e+00  2.325671e+07
203  1.518926e+00  2.329465e+07
204  1.526408e+00  2.333706e+07
205  1.533891e+00  2.337381e+07
206  1.541373e+00  2.341538e+07
207  1.548856e+00  2.344919e+07
208  1.556338e+00  2.348602e+07
209  1.563820e+00  2.351995e+07
210  1.571303e+00  2.355071e+07
211  1.578785e+00  2.358421e+07
212  1.586267e+00  2.361971e+07
213  1.593750e+00  2.363875e+07
214  1.601232e+00  2.366673e+07
215  1.608715e+00  2.370039e+07
216  1.616197e+00  2.371780e+07
217  1.623679e+00  2.374393e+07
218  1.631162e+00  2.376449e+07
219  1.638644e+00  2.378205e+07
220  1.646127e+00  2.379993e+07
221  1.653609e+00  2.382224e+07
222  1.661091e+00  2.383145e+07
223  1.668574e+00  2.384936e+07
224  1.676056e+00  2.386614e+07
225  1.683539e+00  2.387601e+07
226  1.691021e+00  2.388325e+07
227  1.698503e+00  2.389469e+07
228  1.705986e+00  2.389531e+07
229  1.713468e+00  2.390977e+07
230  1.720950e+00  2.391036e+07
231  1.728433e+00  2.390772e+07
232  1.735915e+00  2.391335e+07
233  1.743398e+00  2.390934e+07
234  1.750880e+00  2.391295e+07
235  1.758363e+00  2.390759e+07
236  1.765845e+00  2.390309e+07
237  1.773327e+00  2.389734e+07
238  1.780810e+00  2.388955e+07
239  1.788292e+00  2.388153e+07
240  1.795774e+00  2.386861e+07
241  1.803257e+00  2.384910e+07
242  1.810739e+00  2.384123e+07
243  1.818222e+00  2.382127e+07
244  1.825704e+00  2.380948e+07
245  1.833186e+00  2.379051e+07
246  1.840669e+00  2.376426e+07
247  1.848151e+00  2.374553e+07
248  1.855634e+00  2.371866e+07
249  1.863116e+00  2.369670e+07
250  1.870598e+00  2.367675e+07
251  1.878081e+00  2.364559e+07
252  1.885563e+00  2.361573e+07
253  1.893046e+00  2.358631e+07
254  1.900528e+00  2.354752e+07
255  1.908010e+00  2.351393e+07
256  1.915493e+00  2.348695e+07
257  1.922975e+00  2.344670e+07
258  1.930458e+00  2.340870e+07
259  1.937940e+00  2.337358e+07
260  1.945422e+00  2.332728e+07
261  1.952905e+00  2.328326e+07
262  1.960387e+00  2.324396e+07
263  1.967870e+00  2.319521e+07
264  1.975352e+00  2.315489e+07
265  1.982834e+00  2.310593e+07
266  1.990317e+00  2.304818e+07
267  1.997799e+00  2.299909e+07
268  2.005281e+00  2.294819e+07
269  2.012764e+00  2.289958e+07
270  2.020246e+00  2.284468e+07
271  2.027729e+00  2.278376e+07
272  2.035211e+00  2.272927e+07
273  2.042693e+00  2.266534e+07
274  2.050176e+00  2.260146e+07
275  2.057658e+00  2.254121e+07
276  2.065141e+00  2.248159e+07
277  2.072623e+00  2.241191e+07
278  2.080106e+00  2.234994e+07
279  2.087588e+00  2.228029e+07
280  2.095070e+00  2.221528e+07
281  2.102553e+00  2.214964e+07
282  2.110035e+00  2.207662e+07
283  2.117517e+00  2.200635e+07
284  2.125000e+00  2.193258e+07
285  2.132482e+00  2.185464e+07
286  2.139965e+00  2.177476e+07
287  2.147447e+00  2.169825e+07
288  2.154929e+00  2.161888e+07
289  2.162412e+00  2.154222e+07
290  2.169894e+00  2.146720e+07
291  2.177377e+00  2.137833e+07
292  2.184859e+00  2.129707e+07
293  2.192341e+00  2.121859e+07
294  2.199824e+00  2.112969e+07
295  2.207306e+00  2.104668e+07
296  2.214788e+00  2.096121e+07
297  2.222271e+00  2.086670e+07
298  2.229753e+00  2.078253e+07
299  2.237236e+00  2.069048e+07
300  2.244718e+00  2.060152e+07
301  2.252201e+00  2.050705e+07
302  2.259683e+00  2.041218e+07
303  2.267165e+00  2.031666e+07
304  2.274648e+00  2.021997e+07
305  2.282130e+00  2.012747e+07
306  2.289613e+00  2.003167e+07
307  2.297095e+00  1.993542e+07
308  2.304577e+00  1.983708e+07
309  2.312060e+00  1.973339e+07
310  2.319542e+00  1.963349e+07
311  2.327024e+00  1.953194e+07
312  2.334507e+00  1.943330e+07
313  2.341989e+00  1.932978e+07
314  2.349472e+00  1.922863e+07
315  2.356954e+00  1.912228e+07
316  2.364436e+00  1.901795e+07
317  2.371919e+00  1.891007e+07
318  2.379401e+00  1.880901e+07
319  2.386883e+00  1.870048e+07
320  2.394366e+00  1.859554e+07
321  2.401848e+00  1.848423e+07
322  2.409331e+00  1.837809e+07
323  2.416813e+00  1.826661e+07
324  2.424295e+00  1.815351e+07
325  2.431778e+00  1.804280e+07
326  2.439260e+00  1.793340e+07
327  2.446743e+00  1.782320e+07
328  2.454225e+00  1.771335e+07
329  2.461708e+00  1.759789e+07
330  2.469190e+00  1.748680e+07
331  2.476672e+00  1.736715e+07
332  2.484155e+00  1.725269e+07
333  2.491637e+00  1.714385e+07
334  2.499120e+00  1.702683e+07
335  2.506602e+00  1.691268e+07
336  2.514084e+00  1.679202e+07
337  2.521567e+00  1.667936e+07
338  2.529049e+00  1.656339e+07
339  2.536531e+00  1.644799e+07
340  2.544014e+00  1.632902e+07
341  2.551496e+00  1.621190e+07
342  2.558979e+00  1.609952e+07
343  2.566461e+00  1.597702e+07
344  2.573943e+00  1.586283e+07
345  2.581426e+00  1.574503e+07
346  2.588908e+00  1.562597e+07
347  2.596390e+00  1.550380e+07
348  2.603873e+00  1.538563e+07
349  2.611355e+00  1.526631e+07
350  2.618838e+00  1.515159e+07
351  2.626320e+00  1.503399e+07
352  2.633803e+00  1.491268e+07
353  2.641285e+00  1.479190e+07
354  2.648767e+00  1.467191e+07
355  2.656250e+00  1.455913e+07
356  2.663732e+00  1.443501e+07
357  2.671215e+00  1.431582e+07
358  2.678697e+00  1.419908e+07
359  2.686179e+00  1.408374e+07
360  2.693662e+00  1.396199e+07
361  2.701144e+00  1.384424e+07
362  2.708627e+00  1.372405e+07
363  2.716109e+00  1.360420e+07
364  2.723591e+00  1.348621e+07
365  2.731074e+00  1.336550e+07
366  2.738556e+00  1.325192e+07
367  2.746038e+00  1.312957e+07
368  2.753521e+00  1.301603e+07
369  2.761003e+00  1.289452e+07
370  2.768486e+00  1.278168e+07
371  2.775968e+00  1.266137e+07
372  2.783450e+00  1.254386e+07
373  2.790933e+00  1.242938e+07
374  2.798415e+00  1.231344e+07
375  2.805898e+00  1.219425e+07
376  2.813380e+00  1.207812e+07
377  2.820862e+00  1.196630e+07
378  2.828345e+00  1.185353e+07
379  2.835827e+00  1.173659e+07
380  2.843310e+00  1.162320e+07
381  2.850792e+00  1.150658e+07
382  2.858274e+00  1.139376e+07
383  2.865757e+00  1.127729e+07
384  2.873239e+00  1.116725e+07
385  2.880722e+00  1.105828e+07
386  2.888204e+00  1.094179e+07
387  2.895686e+00  1.083507e+07
388  2.903169e+00  1.071982e+07
389  2.910651e+00  1.060741e+07
390  2.918133e+00  1.050257e+07
391  2.925616e+00  1.038827e+07
392  2.933098e+00  1.027902e+07
393  2.940581e+00  1.017302e+07
394  2.948063e+00  1.006321e+07
395  2.955545e+00  9.959870e+06
396  2.963028e+00  9.848554e+06
397  2.970510e+00  9.742617e+06
398  2.977993e+00  9.638729e+06
399  2.985475e+00  9.530799e+06
400  2.992957e+00  9.426780e+06
401  3.000440e+00  9.325640e+06
402  3.007922e+00  9.218864e+06
403  3.015405e+00  9.118002e+06
404  3.022887e+00  9.011900e+06
405  3.030370e+00  8.915271e+06
406  3.037852e+00  8.810769e+06
407  3.045334e+00  8.712889e+06
408  3.052817e+00  8.610332e+06
409  3.060299e+00  8.509908e+06
410  3.067781e+00  8.412162e+06
411  3.075264e+00  8.315370e+06
412  3.082746e+00  8.221488e+06
413  3.090229e+00  8.122886e+06
414  3.097711e+00  8.026652e+06
415  3.105193e+00  7.933684e+06
416  3.112676e+00  7.836243e+06
417  3.120158e+00  7.745041e+06
418  3.127640e+00  7.653405e+06
419  3.135123e+00  7.556815e+06
