# Detector:    LPD
# DateCreated: 2026-09-02T10:22:01

0    0.000000e+00  8.814759e+06
1    7.482366e-03  8.808256e+06
2    1.496473e-02  8.793020e+06
3    2.244710e-02  8.782788e+06
4    2.992946e-02  8.776390e+06
5    3.741183e-02  8.766324e+06
6    4.489420e-02  8.756594e+06
7    5.237656e-02  8.751211e+06
8    5.985893e-02  8.747083e+06
9    6.734130e-02  8.740671e+06
10   7.482366e-02  8.736608e+06
11   8.230603e-02  8.731049e+06
12   8.978839e-02  8.730648e+06
13   9.727076e-02  8.727469e+06
14   1.047531e-01  8.725710e+06
15   1.122355e-01  8.730900e+06
16   1.197179e-01  8.731097e+06
17   1.272002e-01  8.732122e+06
18   1.346826e-01  8.735710e+06
19   1.421650e-01  8.741102e+06
20   1.496473e-01  8.744852e+06
21   1.571297e-01  8.749316e+06
22   1.646121e-01  8.753325e+06
23   1.720944e-01  8.762005e+06
24   1.795768e-01  8.771840e+06
25   1.870591e-01  8.778787e+06
26   1.945415e-01  8.790028e+06
27   2.020239e-01  8.801448e+06
28   2.095063e-01  8.813285e+06
29   2.169886e-01  8.828303e+06
30   2.244710e-01  8.843477e+06
31   2.319534e-01  8.857392e+06
32   2.394357e-01  8.869676e+06
33   2.469181e-01  8.887116e+06
34   2.544005e-01  8.902884e+06
35   2.618828e-01  8.923493e+06
36   2.693652e-01  8.941527e+06
37   2.768475e-01  8.961859e+06
38   2.843299e-01  8.981144e+06
39   2.918123e-01  9.003412e+06
40   2.992947e-01  9.024037e+06
41   3.067770e-01  9.047811e+06
42   3.142594e-01  9.072784e+06
43   3.217418e-01  9.098213e+06
44   3.292241e-01  9.123690e+06
45   3.367065e-01  9.148918e+06
46   3.441888e-01  9.179521e+06
47   3.516712e-01  9.205079e+06
48   3.591536e-01  9.238777e+06
49   3.666359e-01  9.263624e+06
50   3.741183e-01  9.296433e+06
51   3.816007e-01  9.329754e+06
52   3.890830e-01  9.359326e+06
53   3.965654e-01  9.394140e+06
54   4.040478e-01  9.425568e+06
55   4.115301e-01  9.463086e+06
56   4.190125e-01  9.500171e+06
57   4.264949e-01  9.532750e+06
58   4.339772e-01  9.572860e+06
59   4.414596e-01  9.610115e+06
60   4.489420e-01  9.645421e+06
61   4.564243e-01  9.689221e+06
62   4.639067e-01  9.725644e+06
63   4.713891e-01  9.766853e+06
64   4.788714e-01  9.807941e+06
65   4.863538e-01  9.852824e+06
66   4.938362e-01  9.891032e+06
67   5.013185e-01  9.937247e+06
68   5.088009e-01  9.981338e+06
69   5.162833e-01  1.002999e+07
70   5.237656e-01  1.007362e+07
71   5.312480e-01  1.011936e+07
72   5.387304e-01  1.016940e+07
73   5.462127e-01  1.021174e+07
74   5.536951e-01  1.026585e+07
75   5.611775e-01  1.031142e+07
76   5.686598e-01  1.036302e+07
77   5.761422e-01  1.041268e+07
78   5.836245e-01  1.046518e+07
79   5.911070e-01  1.051631e+07
80   5.985893e-01  1.056568e+07
81   6.060717e-01  1.061823e+07
82   6.135540e-01  1.067204e+07
83   6.210364e-01  1.072656e+07
84   6.285188e-01  1.078003e+07
85   6.360011e-01  1.083774e+07
86   6.434835e-01  1.089579e+07
87   6.509659e-01  1.094967e+07
88   6.584482e-01  1.100718e+07
89   6.659306e-01  1.106676e+07
90   6.734130e-01  1.112212e+07
91   6.808953e-01  1.118289e+07
92   6.883777e-01  1.124234e+07
93   6.958600e-01  1.130058e+07
94   7.033424e-01  1.136070e+07
95   7.108248e-01  1.142199e+07
96   7.183071e-01  1.148417e+07
97   7.257895e-01  1.154318e+07
98   7.332719e-01  1.160290e+07
99   7.407542e-01  1.166581e+07
100  7.482366e-01  1.172750e+07
101  7.557190e-01  1.179335e+07
102  7.632014e-01  1.185706e+07
103  7.706837e-01  1.192029e+07
104  7.781661e-01  1.198585e+07
105  7.856485e-01  1.204970e+07
106  7.931308e-01  1.211180e+07
107  8.006132e-01  1.217799e+07
108  8.080956e-01  1.224103e+07
109  8.155779e-01  1.231062e+07
110  8.230603e-01  1.237393e+07
111  8.305426e-01  1.244382e+07
112  8.380250e-01  1.251076e+07
113  8.455074e-01  1.257710e+07
114  8.529897e-01  1.264477e+07
115  8.604721e-01  1.271129e+07
116  8.679545e-01  1.278135e+07
117  8.754368e-01  1.284306e+07
118  8.829192e-01  1.291177e+07
119  8.904016e-01  1.298343e+07
120  8.978840e-01  1.305055e+07
121  9.053663e-01  1.312133e+07
122  9.128487e-01  1.318621e+07
123  9.203311e-01  1.325578e+07
124  9.278134e-01  1.332261e+07
125  9.352958e-01  1.339598e+07
126  9.427781e-01  1.346242e+07
127  9.502605e-01  1.353240e+07
128  9.577429e-01  1.360203e+07
129  9.652252e-01  1.366997e+07
130  9.727076e-01  1.374364e+07
131  9.801900e-01  1.381202e+07
132  9.876723e-01  1.388273e+07
133  9.951547e-01  1.394608e+07
134  1.002637e+00  1.402012e+07
135  1.010119e+00  1.408780e+07
136  1.017602e+00  1.415691e+07
137  1.025084e+00  1.422789e+07
138  1.032567e+00  1.429383e+07
139  1.040049e+00  1.436511e+07
140  1.047531e+00  1.443117e+07
141  1.055014e+00  1.450358e+07
142  1.062496e+00  1.456820e+07
143  1.069978e+00  1.463328e+07
144  1.077461e+00  1.470629e+07
145  1.084943e+00  1.477598e+07
146  1.092425e+00  1.484137e+07
147  1.099908e+00  1.490866e+07
148  1.107390e+00  1.497353e+07
149  1.114873e+00  1.503862e+07
150  1.122355e+00  1.510489e+07
151  1.129837e+00  1.517713e+07
152  1.137320e+00  1.524206e+07
153  1.144802e+00  1.530326e+07
154  1.152284e+00  1.537466e+07
155  1.159767e+00  1.543711e+07
156  1.167249e+00  1.550102e+07
157  1.174731e+00  1.556826e+07
158  1.182214e+00  1.562588e+07
159  1.189696e+00  1.569561e+07
160  1.197179e+00  1.575229e+07
161  1.204661e+00  1.581716e+07
162  1.212143e+00  1.587725e+07
163  1.219626e+00  1.594405e+07
164  1.227108e+00  1.600078e+07
165  1.234590e+00  1.606451e+07
166  1.242073e+00  1.612099e+07
167  1.249555e+00  1.618419e+07
168  1.257038e+00  1.624281e+07
169  1.264520e+00  1.629842e+07
170  1.272002e+00  1.635947e+07
171  1.279485e+00  1.641300e+07
172  1.286967e+00  1.647641e+07
173  1.294449e+00  1.652689e+07
174  1.301932e+00  1.658455e+07
175  1.309414e+00  1.663666e+07
176  1.316896e+00  1.669779e+07
177  1.324379e+00  1.674689e+07
178  1.331861e+00  1.680166e+07
179  1.339344e+00  1.684921e+07
180  1.346826e+00  1.690251e+07
181  1.354308e+00  1.695355e+07
182  1.361791e+00  1.700899e+07
183  1.369273e+00  1.705477e+07
184  1.376755e+00  1.710223e+07
185  1.384238e+00  1.714997e+07
186  1.391720e+00  1.719956e+07
187  1.399202e+00  1.724406e+07
188  1.406685e+00  1.729085e+07
189  1.414167e+00  1.733422e+07
190  1.421650e+00  1.737678e+07
191  1.429132e+00  1.741937e+07
192  1.436614e+00  1.746503e+07
193  1.444097e+00  1.750623e+07
194  1.451579e+00  1.754599e+07
195  1.459061e+00  1.758361e+07
196  1.466544e+00  1.762390e+07
197  1.474026e+00  1.766343e+07
198  1.481508e+00  1.769263e+07
199  1.488991e+00  1.773111e+07
200  1.496473e+00  1.776925e+07
201  1.503956e+00  1.780323e+07
202  1.511438e+00  1.783604e+07
203  1.518920e+00  1.786260e+07
204  1.526403e+00  1.789501e+07
205  1.533885e+00  1.792547e+07
206  1.541367e+00  1.795504e+07
207  1.548850e+00  1.798685e+07
208  1.556332e+00  1.800849e+07
209  1.563815e+00  1.803901e+07
210  1.571297e+00  1.806091e+07
211  1.578779e+00  1.808226e+07
212  1.586262e+00  1.810619e+07
213  1.593744e+00  1.813271e+07
214  1.601226e+00  1.815082e+07
215  1.608709e+00  1.817052e+07
216  1.616191e+00  1.819081e+07
217  1.623673e+00  1.820471e+07
218  1.631156e+00  1.822478e+07
219  1.638638e+00  1.823646e+07
220  1.646121e+00  1.825214e+07
221  1.653603e+00  1.826230e+07
222  1.661085e+00  1.827964e+07
223  1.668568e+00  1.829021e+07
224  1.676050e+00  1.829641e+07
225  1.683532e+00  1.830758e+07
226  1.691015e+00  1.831308e+07
227  1.698497e+00  1.832053e+07
228  1.705979e+00  1.833071e+07
229  1.713462e+00  1.833057e+07
230  1.720944e+00  1.833776e+07
231  1.728427e+00  1.833520e+07
232  1.735909e+00  1.833540e+07
233  1.743391e+00  1.833934e+07
234  1.750874e+00  1.833190e+07
235  1.758356e+00  1.833159e+07
236  1.765838e+00  1.832705e+07
237  1.773321e+00  1.831977e+07
238  1.780803e+00  1.831753e+07
239  1.788285e+00  1.831309e+07
240  1.795768e+00  1.829912e+07
241  1.803250e+00  1.829501e+07
242  1.810733e+00  1.827747e+07
243  1.818215e+00  1.826683e+07
244  1.825697e+00  1.825748e+07
245  1.833180e+00  1.824128e+07
246  1.840662e+00  1.822881e+07
247  1.848144e+00  1.820981e+07
248  1.855627e+00  1.819031e+07
249  1.863109e+00  1.817407e+07
250  1.870592e+00  1.814981e+07
251  1.878074e+00  1.813374e+07
252  1.885556e+00  1.811098e+07
253  1.893039e+00  1.808329e+07
254  1.900521e+00  1.805651e+07
255  1.908003e+00  1.803708e+07
256  1.915486e+00  1.800977e+07
257  1.922968e+00  1.797870e+07
258  1.930450e+00  1.794711e+07
259  1.937933e+00  1.792301e+07
260  1.945415e+00  1.788602e+07
261  1.952898e+00  1.786033e+07
262  1.960380e+00  1.782511e+07
263  1.967862e+00  1.778655e+07
264  1.975345e+00  1.775250e+07
265  1.982827e+00  1.771458e+07
266  1.990309e+00  1.767884e+07
267  1.997792e+00  1.764130e+07
268  2.005274e+00  1.759985e+07
269  2.012757e+00  1.755840e+07
270  2.020239e+00  1.751514e+07
271  2.027721e+00  1.747456e+07
272  2.035204e+00  1.742804e+07
273  2.042686e+00  1.737969e+07
274  2.050168e+00  1.733661e+07
275  2.057651e+00  1.728458e+07
276  2.065133e+00  1.723825e+07
277  2.072615e+00  1.719180e+07
278  2.080098e+00  1.713952e+07
279  2.087580e+00  1.708593e+07
280  2.095062e+00  1.703218e+07
281  2.102545e+00  1.698011e+07
282  2.110027e+00  1.693128e+07
283  2.117510e+00  1.687374e+07
284  2.124992e+00  1.681956e+07
285  2.132474e+00  1.676134e+07
286  2.139957e+00  1.669658e+07
287  2.147439e+00  1.664048e+07
288  2.154922e+00  1.658101e+07
289  2.162404e+00  1.652365e+07
290  2.169886e+00  1.646074e+07
291  2.177369e+00  1.640017e+07
292  2.184851e+00  1.633472e+07
293  2.192333e+00  1.626723e+07
294  2.199816e+00  1.620705e+07
295  2.207298e+00  1.613415e+07
296  2.214780e+00  1.607006e+07
297  2.222263e+00  1.600558e+07
298  2.229745e+00  1.593757e+07
299  2.237227e+00  1.586438e+07
300  2.244710e+00  1.579649e+07
301  2.252192e+00  1.572281e+07
302  2.259675e+00  1.565112e+07
303  2.267157e+00  1.558334e+07
304  2.274639e+00  1.550978e+07
305  2.282122e+00  1.543426e+07
306  2.289604e+00  1.536163e+07
307  2.297086e+00  1.528235e+07
308  2.304569e+00  1.520985e+07
309  2.312051e+00  1.513564e+07
310  2.319534e+00  1.505964e+07
311  2.327016e+00  1.498067e+07
312  2.334498e+00  1.489906e+07
313  2.341981e+00  1.482029e+07
314  2.349463e+00  1.474276e+07
315  2.356945e+00  1.466669e+07
316  2.364428e+00  1.458374e+07
317  2.371910e+00  1.450159e+07
318  2.379392e+00  1.441979e+07
319  2.386875e+00  1.433848e+07
320  2.394357e+00  1.425628e+07
321  2.401839e+00  1.417063e+07
322  2.409322e+00  1.409151e+07
323  2.416804e+00  1.400676e+07
324  2.424287e+00  1.392303e+07
325  2.431769e+00  1.384000e+07
326  2.439251e+00  1.374822e+07
327  2.446734e+00  1.366674e+07
328  2.454216e+00  1.358317e+07
329  2.461699e+00  1.349543e+07
330  2.469181e+00  1.340368e+07
331  2.476663e+00  1.331670e+07
332  2.484146e+00  1.323349e+07
333  2.491628e+00  1.314318e+07
334  2.499110e+00  1.305364e+07
335  2.506593e+00  1.296778e+07
336  2.514075e+00  1.287931e+07
337  2.521557e+00  1.278923e+07
338  2.529040e+00  1.270484e+07
339  2.536522e+00  1.260948e+07
340  2.544004e+00  1.252361e+07
341  2.551487e+00  1.243444e+07
342  2.558969e+00  1.234327e+07
343  2.566452e+00  1.225542e+07
344  2.573934e+00  1.216094e+07
345  2.581416e+00  1.207092e+07
346  2.588899e+00  1.198408e+07
347  2.596381e+00  1.189308e+07
348  2.603863e+00  1.179881e+07
349  2.611346e+00  1.170754e+07
350  2.618828e+00  1.161966e+07
351  2.626311e+00  1.152615e+07
352  2.633793e+00  1.143420e+07
353  2.641275e+00  1.134105e+07
354  2.648758e+00  1.125166e+07
355  2.656240e+00  1.115899e+07
356  2.663722e+00  1.106758e+07
357  2.671205e+00  1.097982e+07
358  2.678687e+00  1.088894e+07
359  2.686169e+00  1.079597e+07
360  2.693652e+00  1.070876e+07
361  2.701134e+00  1.061810e+07
362  2.708616e+00  1.052313e+07
363  2.716099e+00  1.043090e+07
364  2.723581e+00  1.034409e+07
365  2.731064e+00  1.025017e+07
366  2.738546e+00  1.016270e+07
367  2.746028e+00  1.007238e+07
368  2.753511e+00  9.977639e+06
369  2.760993e+00  9.893053e+06
370  2.768476e+00  9.801220e+06
371  2.775958e+00  9.711181e+06
372  2.783440e+00  9.622841e+06
373  2.790923e+00  9.532995e+06
374  2.798405e+00  9.444727e+06
375  2.805887e+00  9.355498e+06
376  2.813370e+00  9.263784e+06
377  2.820852e+00  9.176279e+06
378  2.828334e+00  9.088421e+06
379  2.835817e+00  9.001520e+06
380  2.843299e+00  8.914687e+06
381  2.850781e+00  8.821866e+06
382  2.858264e+00  8.735608e+06
383  2.865746e+00  8.650030e+06
384  2.873229e+00  8.561955e+06
385  2.880711e+00  8.475399e+06
386  2.888193e+00  8.393281e+06
387  2.895676e+00  8.303914e+06
388  2.903158e+00  8.220469e+06
389  2.910640e+00  8.138518e+06
390  2.918123e+00  8.049298e+06
391  2.925605e+00  7.967262e+06
392  2.933088e+00  7.885648e+06
393  2.940570e+00  7.800068e+06
394  2.948052e+00  7.717196e+06
395  2.955535e+00  7.635748e+06
396  2.963017e+00  7.553519e+06
397  2.970499e+00  7.472128e+06
398  2.977982e+00  7.390911e+06
399  2.985464e+00  7.311166e+06
400  2.992946e+00  7.229969e+06
401  3.000429e+00  7.147588e+06
402  3.007911e+00  7.068416e+06
403  3.015393e+00  6.990373e+06
404  3.022876e+00  6.914162e+06
405  3.030358e+00  6.835692e+06
406  3.037841e+00  6.755346e+06
407  3.045323e+00  6.681489e+06
408  3.052805e+00  6.605548e+06
409  3.060288e+00  6.525629e+06
410  3.067770e+00  6.452880e+06
411  3.075253e+00  6.376681e+06
412  3.082735e+00  6.302262e+06
413  3.090217e+00  6.230522e+06
414  3.097700e+00  6.157643e+06
415  3.105182e+00  6.081381e+06
416  3.112664e+00  6.011843e+06
417  3.120147e+00  5.937124e+06
418  3.127629e+00  5.865374e+06
419  3.135111e+00  5.795550e+06
