# Detector:    LPD
# DateCreated: 2026-09-02T10:22:12

0    0.000000e+00  1.087983e+07
1    7.482524e-03  1.086392e+07
2    1.496505e-02  1.084864e+07
3    2.244757e-02  1.083335e+07
4    2.993010e-02  1.082155e+07
5    3.741262e-02  1.081242e+07
6    4.489515e-02  1.080317e+07
7    5.237767e-02  1.079795e+07
8    5.986020e-02  1.079089e+07
9    6.734272e-02  1.078428e+07
10   7.482524e-02  1.077663e+07
11   8.230777e-02  1.077159e+07
12   8.979029e-02  1.077268e+07
13   9.727282e-02  1.076640e+07
14   1.047553e-01  1.076619e+07
15   1.122379e-01  1.076596e+07
16   1.197204e-01  1.076953e+07
17   1.272029e-01  1.077525e+07
18   1.346854e-01  1.077459e+07
19   1.421680e-01  1.078109e+07
20   1.496505e-01  1.078771e+07
21   1.571330e-01  1.079221e+07
22   1.646155e-01  1.080060e+07
23   1.720981e-01  1.080825e+07
24   1.795806e-01  1.082002e+07
25   1.870631e-01  1.083389e+07
26   1.945456e-01  1.084414e+07
27   2.020282e-01  1.086003e+07
28   2.095107e-01  1.087711e+07
29   2.169932e-01  1.088801e+07
30   2.244757e-01  1.090835e+07
31   2.319583e-01  1.092539e+07
32   2.394408e-01  1.094783e+07
33   2.469233e-01  1.096398e+07
34   2.544058e-01  1.098429e+07
35   2.618884e-01  1.100745e+07
36   2.693709e-01  1.103106e+07
37   2.768534e-01  1.105805e+07
38   2.843359e-01  1.108050e+07
39   2.918185e-01  1.110568e+07
40   2.993010e-01  1.113683e+07
41   3.067835e-01  1.116215e+07
42   3.142660e-01  1.119342e+07
43   3.217486e-01  1.122633e+07
44   3.292311e-01  1.125820e+07
45   3.367136e-01  1.128791e+07
46   3.441961e-01  1.132607e+07
47   3.516786e-01  1.136042e+07
48   3.591612e-01  1.139276e+07
49   3.666437e-01  1.142796e+07
50   3.741262e-01  1.146995e+07
51   3.816088e-01  1.150636e+07
52   3.890913e-01  1.154504e+07
53   3.965738e-01  1.159059e+07
54   4.040563e-01  1.162889e+07
55   4.115388e-01  1.167139e+07
56   4.190214e-01  1.171453e+07
57   4.265039e-01  1.175885e+07
58   4.339864e-01  1.180393e+07
59   4.414690e-01  1.185712e+07
60   4.489515e-01  1.190165e+07
61   4.564340e-01  1.195009e+07
62   4.639165e-01  1.200165e+07
63   4.713990e-01  1.205281e+07
64   4.788816e-01  1.209844e+07
65   4.863641e-01  1.215368e+07
66   4.938466e-01  1.220558e+07
67   5.013291e-01  1.226200e+07
68   5.088117e-01  1.231794e+07
69   5.162942e-01  1.236698e+07
70   5.237767e-01  1.242967e+07
71   5.312592e-01  1.248630e+07
72   5.387418e-01  1.254100e+07
73   5.462243e-01  1.259910e+07
74   5.537068e-01  1.265998e+07
75   5.611894e-01  1.272245e+07
76   5.686719e-01  1.278205e+07
77   5.761544e-01  1.284729e+07
78   5.836369e-01  1.291215e+07
79   5.911194e-01  1.297586e+07
80   5.986019e-01  1.303810e+07
81   6.060845e-01  1.310289e+07
82   6.135670e-01  1.316818e+07
83   6.210495e-01  1.323555e+07
84   6.285321e-01  1.330095e+07
85   6.360146e-01  1.337359e+07
86   6.434971e-01  1.343849e+07
87   6.509796e-01  1.350739e+07
88   6.584622e-01  1.358150e+07
89   6.659447e-01  1.365055e+07
90   6.734272e-01  1.372247e+07
91   6.809098e-01  1.379539e+07
92   6.883923e-01  1.386978e+07
93   6.958748e-01  1.394135e+07
94   7.033573e-01  1.401626e+07
95   7.108398e-01  1.409069e+07
96   7.183223e-01  1.416640e+07
97   7.258049e-01  1.424166e+07
98   7.332874e-01  1.431559e+07
99   7.407699e-01  1.439363e+07
100  7.482525e-01  1.446884e+07
101  7.557350e-01  1.454845e+07
102  7.632175e-01  1.462398e+07
103  7.707000e-01  1.470775e+07
104  7.781826e-01  1.478736e+07
105  7.856651e-01  1.486230e+07
106  7.931476e-01  1.494204e+07
107  8.006301e-01  1.502717e+07
108  8.081126e-01  1.510589e+07
109  8.155951e-01  1.518783e+07
110  8.230777e-01  1.526874e+07
111  8.305602e-01  1.534808e+07
112  8.380427e-01  1.543614e+07
113  8.455253e-01  1.551368e+07
114  8.530078e-01  1.559782e+07
115  8.604903e-01  1.568459e+07
116  8.679729e-01  1.576818e+07
117  8.754554e-01  1.585060e+07
118  8.829379e-01  1.593355e+07
119  8.904204e-01  1.601853e+07
120  8.979030e-01  1.609775e+07
121  9.053854e-01  1.618932e+07
122  9.128680e-01  1.627343e+07
123  9.203505e-01  1.635770e+07
124  9.278330e-01  1.643610e+07
125  9.353155e-01  1.652681e+07
126  9.427981e-01  1.661053e+07
127  9.502806e-01  1.669381e+07
128  9.577631e-01  1.677721e+07
129  9.652457e-01  1.686985e+07
130  9.727282e-01  1.695137e+07
131  9.802107e-01  1.703711e+07
132  9.876933e-01  1.712220e+07
133  9.951758e-01  1.720764e+07
134  1.002658e+00  1.729605e+07
135  1.010141e+00  1.738233e+07
136  1.017623e+00  1.746523e+07
137  1.025106e+00  1.754932e+07
138  1.032588e+00  1.763666e+07
139  1.040071e+00  1.771719e+07
140  1.047553e+00  1.780258e+07
141  1.055036e+00  1.788688e+07
142  1.062518e+00  1.797335e+07
143  1.070001e+00  1.805659e+07
144  1.077484e+00  1.814096e+07
145  1.084966e+00  1.822778e+07
146  1.092449e+00  1.830909e+07
147  1.099931e+00  1.838928e+07
148  1.107414e+00  1.847258e+07
149  1.114896e+00  1.855721e+07
150  1.122379e+00  1.863902e+07
151  1.129861e+00  1.872252e+07
152  1.137344e+00  1.879924e+07
153  1.144826e+00  1.887852e+07
154  1.152309e+00  1.896404e+07
155  1.159791e+00  1.904073e+07
156  1.167274e+00  1.912233e+07
157  1.174756e+00  1.920064e+07
158  1.182239e+00  1.927981e+07
159  1.189721e+00  1.936338e+07
160  1.197204e+00  1.943517e+07
161  1.204686e+00  1.951217e+07
162  1.212169e+00  1.959024e+07
163  1.219651e+00  1.966816e+07
164  1.227134e+00  1.973830e+07
165  1.234617e+00  1.981482e+07
166  1.242099e+00  1.989373e+07
167  1.249582e+00  1.996513e+07
168  1.257064e+00  2.004015e+07
169  1.264547e+00  2.011217e+07
170  1.272029e+00  2.018363e+07
171  1.279512e+00  2.025532e+07
172  1.286994e+00  2.032611e+07
173  1.294477e+00  2.038760e+07
174  1.301959e+00  2.045769e+07
175  1.309442e+00  2.052492e+07
176  1.316924e+00  2.059919e+07
177  1.324407e+00  2.066448e+07
178  1.331889e+00  2.072976e+07
179  1.339372e+00  2.079299e+07
180  1.346854e+00  2.085626e+07
181  1.354337e+00  2.091614e+07
182  1.361820e+00  2.097667e+07
183  1.369302e+00  2.104384e+07
184  1.376785e+00  2.110119e+07
185  1.384267e+00  2.115918e+07
186  1.391750e+00  2.121497e+07
187  1.399232e+00  2.127661e+07
188  1.406715e+00  2.132616e+07
189  1.414197e+00  2.138403e+07
190  1.421680e+00  2.143448e+07
191  1.429162e+00  2.149543e+07
192  1.436645e+00  2.154002e+07
193  1.444127e+00  2.159762e+07
194  1.451610e+00  2.164528e+07
195  1.459092e+00  2.169508e+07
196  1.466575e+00  2.173648e+07
197  1.474057e+00  2.178299e+07
198  1.481540e+00  2.182777e+07
199  1.489022e+00  2.187192e+07
200  1.496505e+00  2.191974e+07
201  1.503987e+00  2.196302e+07
202  1.511470e+00  2.200176e+07
203  1.518952e+00  2.203830e+07
204  1.526435e+00  2.207592e+07
205  1.533918e+00  2.211863e+07
206  1.541400e+00  2.215420e+07
207  1.548883e+00  2.218263e+07
208  1.556365e+00  2.221964e+07
209  1.563848e+00  2.225380e+07
210  1.571330e+00  2.228192e+07
211  1.578813e+00  2.230842e+07
212  1.586295e+00  2.233932e+07
213  1.593778e+00  2.236528e+07
214  1.601260e+00  2.238920e+07
215  1.608743e+00  2.241363e+07
216  1.616225e+00  2.243793e+07
217  1.623708e+00  2.246391e+07
218  1.631190e+00  2.248603e+07
219  1.638673e+00  2.249782e+07
220  1.646155e+00  2.251711e+07
221  1.653638e+00  2.253760e+07
222  1.661120e+00  2.254973e+07
223  1.668603e+00  2.256325e+07
224  1.676085e+00  2.257836e+07
225  1.683568e+00  2.258688e+07
226  1.691051e+00  2.259438e+07
227  1.698533e+00  2.260230e+07
228  1.706016e+00  2.260858e+07
229  1.713498e+00  2.261465e+07
230  1.720981e+00  2.262277e+07
231  1.728463e+00  2.262085e+07
232  1.735946e+00  2.261867e+07
233  1.743428e+00  2.261646e+07
234  1.750911e+00  2.262074e+07
235  1.758393e+00  2.261141e+07
236  1.765876e+00  2.261378e+07
237  1.773358e+00  2.260671e+07
238  1.780841e+00  2.259854e+07
239  1.788323e+00  2.258954e+07
240  1.795806e+00  2.257934e+07
241  1.803288e+00  2.256381e+07
242  1.810771e+00  2.255069e+07
243  1.818253e+00  2.253978e+07
244  1.825736e+00  2.252545e+07
245  1.833218e+00  2.250434e+07
246  1.840701e+00  2.247959e+07
247  1.848184e+00  2.246299e+07
248  1.855666e+00  2.244336e+07
249  1.863149e+00  2.241979e+07
250  1.870631e+00  2.239249e+07
251  1.878114e+00  2.236683e+07
252  1.885596e+00  2.234340e+07
253  1.893079e+00  2.231395e+07
254  1.900561e+00  2.228398e+07
255  1.908044e+00  2.224964e+07
256  1.915526e+00  2.221512e+07
257  1.923009e+00  2.217827e+07
258  1.930491e+00  2.214155e+07
259  1.937974e+00  2.210443e+07
260  1.945456e+00  2.206979e+07
261  1.952939e+00  2.202969e+07
262  1.960421e+00  2.198957e+07
263  1.967904e+00  2.194193e+07
264  1.975387e+00  2.190193e+07
265  1.982869e+00  2.185619e+07
266  1.990352e+00  2.181162e+07
267  1.997834e+00  2.175773e+07
268  2.005316e+00  2.170688e+07
269  2.012799e+00  2.165710e+07
270  2.020282e+00  2.161075e+07
271  2.027764e+00  2.155172e+07
272  2.035247e+00  2.150236e+07
273  2.042729e+00  2.143873e+07
274  2.050212e+00  2.138612e+07
275  2.057694e+00  2.132624e+07
276  2.065177e+00  2.127030e+07
277  2.072659e+00  2.120732e+07
278  2.080142e+00  2.114629e+07
279  2.087624e+00  2.107959e+07
280  2.095107e+00  2.101089e+07
281  2.102589e+00  2.094648e+07
282  2.110072e+00  2.088129e+07
283  2.117554e+00  2.081700e+07
284  2.125037e+00  2.074909e+07
285  2.132519e+00  2.067174e+07
286  2.140002e+00  2.060030e+07
287  2.147485e+00  2.052693e+07
288  2.154967e+00  2.045928e+07
289  2.162450e+00  2.038449e+07
290  2.169932e+00  2.030233e+07
291  2.177415e+00  2.022585e+07
292  2.184897e+00  2.014665e+07
293  2.192380e+00  2.006697e+07
294  2.199862e+00  1.998485e+07
295  2.207345e+00  1.990811e+07
296  2.214827e+00  1.982939e+07
297  2.222310e+00  1.974548e+07
298  2.229792e+00  1.965621e+07
299  2.237275e+00  1.957593e+07
300  2.244757e+00  1.948431e+07
301  2.252240e+00  1.939564e+07
302  2.259722e+00  1.930776e+07
303  2.267205e+00  1.921948e+07
304  2.274688e+00  1.913502e+07
305  2.282170e+00  1.904219e+07
306  2.289653e+00  1.894661e+07
307  2.297135e+00  1.885615e+07
308  2.304618e+00  1.876252e+07
309  2.312100e+00  1.867314e+07
310  2.319583e+00  1.857460e+07
311  2.327065e+00  1.847832e+07
312  2.334548e+00  1.838572e+07
313  2.342030e+00  1.828700e+07
314  2.349513e+00  1.819030e+07
315  2.356995e+00  1.808958e+07
316  2.364478e+00  1.798924e+07
317  2.371960e+00  1.789203e+07
318  2.379443e+00  1.779367e+07
319  2.386925e+00  1.769232e+07
320  2.394408e+00  1.758786e+07
321  2.401890e+00  1.748559e+07
322  2.409373e+00  1.738427e+07
323  2.416855e+00  1.727544e+07
324  2.424338e+00  1.717309e+07
325  2.431820e+00  1.707304e+07
326  2.439303e+00  1.696050e+07
327  2.446785e+00  1.686111e+07
328  2.454268e+00  1.674949e+07
329  2.461751e+00  1.664609e+07
330  2.469233e+00  1.654218e+07
331  2.476716e+00  1.642885e+07
332  2.484198e+00  1.632393e+07
333  2.491681e+00  1.621825e+07
334  2.499163e+00  1.610916e+07
335  2.506646e+00  1.599497e+07
336  2.514128e+00  1.588575e+07
337  2.521611e+00  1.578152e+07
338  2.529093e+00  1.567235e+07
339  2.536576e+00  1.555837e+07
340  2.544058e+00  1.545084e+07
341  2.551541e+00  1.533583e+07
342  2.559023e+00  1.522963e+07
343  2.566506e+00  1.511667e+07
344  2.573988e+00  1.500617e+07
345  2.581471e+00  1.489016e+07
346  2.588953e+00  1.477906e+07
347  2.596436e+00  1.466589e+07
348  2.603919e+00  1.455892e+07
349  2.611401e+00  1.444440e+07
350  2.618884e+00  1.432840e+07
351  2.626366e+00  1.422178e+07
352  2.633849e+00  1.410779e+07
353  2.641331e+00  1.399447e+07
354  2.648814e+00  1.388202e+07
355  2.656296e+00  1.376949e+07
356  2.663779e+00  1.365519e+07
357  2.671261e+00  1.354727e+07
358  2.678744e+00  1.342890e+07
359  2.686226e+00  1.332230e+07
360  2.693709e+00  1.320365e+07
361  2.701191e+00  1.309250e+07
362  2.708674e+00  1.298187e+07
363  2.716156e+00  1.287077e+07
364  2.723639e+00  1.275738e+07
365  2.731122e+00  1.264941e+07
366  2.738604e+00  1.253578e+07
367  2.746087e+00  1.241957e+07
368  2.753569e+00  1.231183e+07
369  2.761052e+00  1.220198e+07
370  2.768534e+00  1.208937e+07
371  2.776016e+00  1.197562e+07
372  2.783499e+00  1.186476e+07
373  2.790982e+00  1.175497e+07
374  2.798464e+00  1.164743e+07
375  2.805947e+00  1.153897e+07
376  2.813429e+00  1.142829e+07
377  2.820912e+00  1.131697e+07
378  2.828394e+00  1.120723e+07
379  2.835877e+00  1.109985e+07
380  2.843359e+00  1.099243e+07
381  2.850842e+00  1.088259e+07
382  2.858324e+00  1.077552e+07
383  2.865807e+00  1.067146e+07
384  2.873289e+00  1.056442e+07
385  2.880772e+00  1.045860e+07
386  2.888254e+00  1.035344e+07
387  2.895737e+00  1.024464e+07
388  2.903219e+00  1.014328e+07
389  2.910702e+00  1.003739e+07
390  2.918185e+00  9.932014e+06
391  2.925667e+00  9.829629e+06
392  2.933150e+00  9.723802e+06
393  2.940632e+00  9.622456e+06
394  2.948115e+00  9.520936e+06
395  2.955597e+00  9.419961e+06
396  2.963080e+00  9.318557e+06
397  2.970562e+00  9.214622e+06
398  2.978045e+00  9.115683e+06
399  2.985527e+00  9.018873e+06
400  2.993010e+00  8.917120e+06
401  3.000492e+00  8.821698e+06
402  3.007975e+00  8.721442e+06
403  3.015457e+00  8.624955e+06
404  3.022940e+00  8.528860e+06
405  3.030422e+00  8.431897e+06
406  3.037905e+00  8.332778e+06
407  3.045388e+00  8.240481e+06
408  3.052870e+00  8.146356e+06
409  3.060353e+00  8.053022e+06
410  3.067835e+00  7.957416e+06
411  3.075318e+00  7.868459e+06
412  3.082800e+00  7.772458e+06
413  3.090283e+00  7.686071e+06
414  3.097765e+00  7.591615e+06
415  3.105248e+00  7.501420e+06
416  3.112730e+00  7.411127e+06
417  3.120213e+00  7.325144e+06
418  3.127695e+00  7.237927e+06
419  3.135178e+00  7.152105e+06
