# Detector:    LPD
# DateCreated: 2026-09-02T10:22:00

0    0.000000e+00  1.916563e+07
1    7.482406e-03  1.914168e+07
2    1.496481e-02  1.911513e+07
3    2.244722e-02  1.909404e+07
4    2.992962e-02  1.907056e+07
5    3.741203e-02  1.904643e+07
6    4.489444e-02  1.903726e+07
7    5.237684e-02  1.902165e+07
8    5.985925e-02  1.900665e+07
9    6.734166e-02  1.899197e+07
10   7.482406e-02  1.898371e+07
11   8.230647e-02  1.898255e+07
12   8.978888e-02  1.897714e+07
13   9.727128e-02  1.896896e+07
14   1.047537e-01  1.896535e+07
15   1.122361e-01  1.896795e+07
16   1.197185e-01  1.896952e+07
17   1.272009e-01  1.897938e+07
18   1.346833e-01  1.898690e+07
19   1.421657e-01  1.899287e+07
20   1.496481e-01  1.899970e+07
21   1.571305e-01  1.901352e+07
22   1.646129e-01  1.902995e+07
23   1.720953e-01  1.904499e+07
24   1.795778e-01  1.906452e+07
25   1.870602e-01  1.908286e+07
26   1.945426e-01  1.911223e+07
27   2.020250e-01  1.913359e+07
28   2.095074e-01  1.915492e+07
29   2.169898e-01  1.919016e+07
30   2.244722e-01  1.921614e+07
31   2.319546e-01  1.925166e+07
32   2.394370e-01  1.928580e+07
33   2.469194e-01  1.931279e+07
34   2.544018e-01  1.935596e+07
35   2.618842e-01  1.939603e+07
36   2.693666e-01  1.943338e+07
37   2.768490e-01  1.947705e+07
38   2.843314e-01  1.952515e+07
39   2.918139e-01  1.957048e+07
40   2.992963e-01  1.962086e+07
41   3.067787e-01  1.966887e+07
42   3.142610e-01  1.972049e+07
43   3.217435e-01  1.977956e+07
44   3.292259e-01  1.983277e+07
45   3.367083e-01  1.988754e+07
46   3.441907e-01  1.995155e+07
47   3.516731e-01  2.000602e+07
48   3.591555e-01  2.007707e+07
49   3.666379e-01  2.013490e+07
50   3.741203e-01  2.020572e+07
51   3.816027e-01  2.027695e+07
52   3.890851e-01  2.034267e+07
53   3.965675e-01  2.041421e+07
54   4.040499e-01  2.048538e+07
55   4.115323e-01  2.056443e+07
56   4.190148e-01  2.063806e+07
57   4.264972e-01  2.072180e+07
58   4.339796e-01  2.080062e+07
59   4.414620e-01  2.088203e+07
60   4.489444e-01  2.096975e+07
61   4.564268e-01  2.105688e+07
62   4.639092e-01  2.113805e+07
63   4.713916e-01  2.122689e+07
64   4.788740e-01  2.132106e+07
65   4.863564e-01  2.140885e+07
66   4.938388e-01  2.150365e+07
67   5.013212e-01  2.159416e+07
68   5.088036e-01  2.169212e+07
69   5.162860e-01  2.179204e+07
70   5.237684e-01  2.189430e+07
71   5.312508e-01  2.199176e+07
72   5.387332e-01  2.209705e+07
73   5.462157e-01  2.219617e+07
74   5.536981e-01  2.230573e+07
75   5.611805e-01  2.241146e+07
76   5.686629e-01  2.252102e+07
77   5.761453e-01  2.263051e+07
78   5.836277e-01  2.274402e+07
79   5.911101e-01  2.285001e+07
80   5.985925e-01  2.296915e+07
81   6.060749e-01  2.308026e+07
82   6.135573e-01  2.320407e+07
83   6.210397e-01  2.331855e+07
84   6.285221e-01  2.343346e+07
85   6.360045e-01  2.355460e+07
86   6.434869e-01  2.367697e+07
87   6.509693e-01  2.379624e+07
88   6.584517e-01  2.392199e+07
89   6.659341e-01  2.405128e+07
90   6.734166e-01  2.417886e+07
91   6.808990e-01  2.430198e+07
92   6.883814e-01  2.443433e+07
93   6.958638e-01  2.456279e+07
94   7.033462e-01  2.469431e+07
95   7.108286e-01  2.481783e+07
96   7.183110e-01  2.495163e+07
97   7.257934e-01  2.508502e+07
98   7.332758e-01  2.521873e+07
99   7.407582e-01  2.535863e+07
100  7.482406e-01  2.549135e+07
101  7.557230e-01  2.562970e+07
102  7.632054e-01  2.576979e+07
103  7.706878e-01  2.590254e+07
104  7.781702e-01  2.604770e+07
105  7.856526e-01  2.618533e+07
106  7.931350e-01  2.632473e+07
107  8.006175e-01  2.647087e+07
108  8.080999e-01  2.661151e+07
109  8.155823e-01  2.675393e+07
110  8.230647e-01  2.689677e+07
111  8.305471e-01  2.704186e+07
112  8.380295e-01  2.719224e+07
113  8.455119e-01  2.733511e+07
114  8.529943e-01  2.747520e+07
115  8.604767e-01  2.762135e+07
116  8.679591e-01  2.777027e+07
117  8.754416e-01  2.792528e+07
118  8.829240e-01  2.806561e+07
119  8.904063e-01  2.821369e+07
120  8.978887e-01  2.836336e+07
121  9.053711e-01  2.851285e+07
122  9.128535e-01  2.866016e+07
123  9.203359e-01  2.881512e+07
124  9.278184e-01  2.896292e+07
125  9.353008e-01  2.911314e+07
126  9.427832e-01  2.926287e+07
127  9.502656e-01  2.941642e+07
128  9.577480e-01  2.956688e+07
129  9.652304e-01  2.971234e+07
130  9.727128e-01  2.986828e+07
131  9.801952e-01  3.001041e+07
132  9.876776e-01  3.016633e+07
133  9.951600e-01  3.031358e+07
134  1.002642e+00  3.047100e+07
135  1.010125e+00  3.062241e+07
136  1.017607e+00  3.076922e+07
137  1.025090e+00  3.091309e+07
138  1.032572e+00  3.106606e+07
139  1.040054e+00  3.121540e+07
140  1.047537e+00  3.136852e+07
141  1.055019e+00  3.151468e+07
142  1.062502e+00  3.166576e+07
143  1.069984e+00  3.181586e+07
144  1.077466e+00  3.196438e+07
145  1.084949e+00  3.210541e+07
146  1.092431e+00  3.225614e+07
147  1.099914e+00  3.240298e+07
148  1.107396e+00  3.254954e+07
149  1.114879e+00  3.269543e+07
150  1.122361e+00  3.283880e+07
151  1.129843e+00  3.297905e+07
152  1.137326e+00  3.311874e+07
153  1.144808e+00  3.326741e+07
154  1.152291e+00  3.341204e+07
155  1.159773e+00  3.355177e+07
156  1.167255e+00  3.369163e+07
157  1.174738e+00  3.383228e+07
158  1.182220e+00  3.396746e+07
159  1.189703e+00  3.410547e+07
160  1.197185e+00  3.424710e+07
161  1.204667e+00  3.437742e+07
162  1.212150e+00  3.451108e+07
163  1.219632e+00  3.464434e+07
164  1.227115e+00  3.478553e+07
165  1.234597e+00  3.490795e+07
166  1.242079e+00  3.504472e+07
167  1.249562e+00  3.517038e+07
168  1.257044e+00  3.530143e+07
169  1.264527e+00  3.542491e+07
170  1.272009e+00  3.556000e+07
171  1.279491e+00  3.567984e+07
172  1.286974e+00  3.580121e+07
173  1.294456e+00  3.592924e+07
174  1.301939e+00  3.604901e+07
175  1.309421e+00  3.616396e+07
176  1.316903e+00  3.628059e+07
177  1.324386e+00  3.639988e+07
178  1.331868e+00  3.651870e+07
179  1.339351e+00  3.662290e+07
180  1.346833e+00  3.673624e+07
181  1.354316e+00  3.685125e+07
182  1.361798e+00  3.696173e+07
183  1.369280e+00  3.706451e+07
184  1.376763e+00  3.717371e+07
185  1.384245e+00  3.727921e+07
186  1.391728e+00  3.737495e+07
187  1.399210e+00  3.748317e+07
188  1.406692e+00  3.757186e+07
189  1.414175e+00  3.767163e+07
190  1.421657e+00  3.777513e+07
191  1.429140e+00  3.786328e+07
192  1.436622e+00  3.795396e+07
193  1.444104e+00  3.804205e+07
194  1.451587e+00  3.813298e+07
195  1.459069e+00  3.822314e+07
196  1.466552e+00  3.830601e+07
197  1.474034e+00  3.837775e+07
198  1.481516e+00  3.846249e+07
199  1.488999e+00  3.853515e+07
200  1.496481e+00  3.861714e+07
201  1.503964e+00  3.868845e+07
202  1.511446e+00  3.876440e+07
203  1.518928e+00  3.883159e+07
204  1.526411e+00  3.889334e+07
205  1.533893e+00  3.896839e+07
206  1.541376e+00  3.902446e+07
207  1.548858e+00  3.908873e+07
208  1.556340e+00  3.914326e+07
209  1.563823e+00  3.920665e+07
210  1.571305e+00  3.925303e+07
211  1.578788e+00  3.930871e+07
212  1.586270e+00  3.935692e+07
213  1.593753e+00  3.941068e+07
214  1.601235e+00  3.944421e+07
215  1.608717e+00  3.949120e+07
216  1.616200e+00  3.953882e+07
217  1.623682e+00  3.956837e+07
218  1.631165e+00  3.961100e+07
219  1.638647e+00  3.964682e+07
220  1.646129e+00  3.966889e+07
221  1.653612e+00  3.970342e+07
222  1.661094e+00  3.972821e+07
223  1.668577e+00  3.975259e+07
224  1.676059e+00  3.977615e+07
225  1.683541e+00  3.978436e+07
226  1.691024e+00  3.980822e+07
227  1.698506e+00  3.982469e+07
228  1.705989e+00  3.983650e+07
229  1.713471e+00  3.983659e+07
230  1.720953e+00  3.984788e+07
231  1.728436e+00  3.984786e+07
232  1.735918e+00  3.985080e+07
233  1.743401e+00  3.985586e+07
234  1.750883e+00  3.984994e+07
235  1.758366e+00  3.983693e+07
236  1.765848e+00  3.983776e+07
237  1.773330e+00  3.982252e+07
238  1.780813e+00  3.980863e+07
239  1.788295e+00  3.979956e+07
240  1.795777e+00  3.977548e+07
241  1.803260e+00  3.975278e+07
242  1.810742e+00  3.972668e+07
243  1.818225e+00  3.971028e+07
244  1.825707e+00  3.967701e+07
245  1.833189e+00  3.964176e+07
246  1.840672e+00  3.961699e+07
247  1.848154e+00  3.957556e+07
248  1.855637e+00  3.953776e+07
249  1.863119e+00  3.949932e+07
250  1.870602e+00  3.944711e+07
251  1.878084e+00  3.941023e+07
252  1.885566e+00  3.935250e+07
253  1.893049e+00  3.930486e+07
254  1.900531e+00  3.924893e+07
255  1.908014e+00  3.919348e+07
256  1.915496e+00  3.914420e+07
257  1.922978e+00  3.907174e+07
258  1.930461e+00  3.901420e+07
259  1.937943e+00  3.895088e+07
260  1.945426e+00  3.888218e+07
261  1.952908e+00  3.881424e+07
262  1.960390e+00  3.874111e+07
263  1.967873e+00  3.866146e+07
264  1.975355e+00  3.858006e+07
265  1.982838e+00  3.850100e+07
266  1.990320e+00  3.842094e+07
267  1.997802e+00  3.833814e+07
268  2.005285e+00  3.825238e+07
269  2.012767e+00  3.815668e+07
270  2.020250e+00  3.806132e+07
271  2.027732e+00  3.796963e+07
272  2.035214e+00  3.786982e+07
273  2.042697e+00  3.777472e+07
274  2.050179e+00  3.767167e+07
275  2.057662e+00  3.756726e+07
276  2.065144e+00  3.746175e+07
277  2.072627e+00  3.736216e+07
278  2.080109e+00  3.725491e+07
279  2.087591e+00  3.713744e+07
280  2.095074e+00  3.703051e+07
281  2.102556e+00  3.690491e+07
282  2.110039e+00  3.679422e+07
283  2.117521e+00  3.666562e+07
284  2.125003e+00  3.655258e+07
285  2.132486e+00  3.641926e+07
286  2.139968e+00  3.629488e+07
287  2.147451e+00  3.616650e+07
288  2.154933e+00  3.603897e+07
289  2.162416e+00  3.590446e+07
290  2.169898e+00  3.577488e+07
291  2.177380e+00  3.563989e+07
292  2.184863e+00  3.549556e+07
293  2.192345e+00  3.535882e+07
294  2.199827e+00  3.521522e+07
295  2.207310e+00  3.507694e+07
296  2.214792e+00  3.492320e+07
297  2.222275e+00  3.477758e+07
298  2.229757e+00  3.463518e+07
299  2.237239e+00  3.448725e+07
300  2.244722e+00  3.432443e+07
301  2.252204e+00  3.417910e+07
302  2.259687e+00  3.402556e+07
303  2.267169e+00  3.385959e+07
304  2.274652e+00  3.370278e+07
305  2.282134e+00  3.355196e+07
306  2.289616e+00  3.338930e+07
307  2.297099e+00  3.322574e+07
308  2.304581e+00  3.306371e+07
309  2.312063e+00  3.289520e+07
310  2.319546e+00  3.272208e+07
311  2.327028e+00  3.256228e+07
312  2.334511e+00  3.238672e+07
313  2.341993e+00  3.221746e+07
314  2.349476e+00  3.204773e+07
315  2.356958e+00  3.187141e+07
316  2.364440e+00  3.169558e+07
317  2.371923e+00  3.152334e+07
318  2.379405e+00  3.133858e+07
319  2.386888e+00  3.116054e+07
320  2.394370e+00  3.098917e+07
321  2.401852e+00  3.080384e+07
322  2.409335e+00  3.062634e+07
323  2.416817e+00  3.044236e+07
324  2.424300e+00  3.025955e+07
325  2.431782e+00  3.007070e+07
326  2.439265e+00  2.988584e+07
327  2.446747e+00  2.969622e+07
328  2.454229e+00  2.951366e+07
329  2.461712e+00  2.933098e+07
330  2.469194e+00  2.913763e+07
331  2.476676e+00  2.894955e+07
332  2.484159e+00  2.876159e+07
333  2.491641e+00  2.856452e+07
334  2.499124e+00  2.837172e+07
335  2.506606e+00  2.818815e+07
336  2.514088e+00  2.798800e+07
337  2.521571e+00  2.780038e+07
338  2.529053e+00  2.760953e+07
339  2.536536e+00  2.741068e+07
340  2.544018e+00  2.722142e+07
341  2.551501e+00  2.701708e+07
342  2.558983e+00  2.682448e+07
343  2.566465e+00  2.663055e+07
344  2.573948e+00  2.643325e+07
345  2.581430e+00  2.624154e+07
346  2.588912e+00  2.603646e+07
347  2.596395e+00  2.584053e+07
348  2.603877e+00  2.564445e+07
349  2.611360e+00  2.545002e+07
350  2.618842e+00  2.525492e+07
351  2.626325e+00  2.505239e+07
352  2.633807e+00  2.485794e+07
353  2.641289e+00  2.466007e+07
354  2.648772e+00  2.445941e+07
355  2.656254e+00  2.426391e+07
356  2.663737e+00  2.406379e+07
357  2.671219e+00  2.386333e+07
358  2.678701e+00  2.366276e+07
359  2.686184e+00  2.347055e+07
360  2.693666e+00  2.326505e+07
361  2.701149e+00  2.307399e+07
362  2.708631e+00  2.287490e+07
363  2.716114e+00  2.267066e+07
364  2.723596e+00  2.247879e+07
365  2.731078e+00  2.228092e+07
366  2.738561e+00  2.208058e+07
367  2.746043e+00  2.188815e+07
368  2.753525e+00  2.168795e+07
369  2.761008e+00  2.149306e+07
370  2.768490e+00  2.130015e+07
371  2.775973e+00  2.110750e+07
372  2.783455e+00  2.090762e+07
373  2.790937e+00  2.071539e+07
374  2.798420e+00  2.052507e+07
375  2.805902e+00  2.032543e+07
376  2.813385e+00  2.013017e+07
377  2.820867e+00  1.994662e+07
378  2.828350e+00  1.975148e+07
379  2.835832e+00  1.956110e+07
380  2.843314e+00  1.937002e+07
381  2.850797e+00  1.918196e+07
382  2.858279e+00  1.898598e+07
383  2.865762e+00  1.880454e+07
384  2.873244e+00  1.861474e+07
385  2.880726e+00  1.842851e+07
386  2.888209e+00  1.823895e+07
387  2.895691e+00  1.805127e+07
388  2.903174e+00  1.786410e+07
389  2.910656e+00  1.768247e+07
390  2.918139e+00  1.749668e+07
391  2.925621e+00  1.731681e+07
392  2.933103e+00  1.713478e+07
393  2.940586e+00  1.695500e+07
394  2.948068e+00  1.677077e+07
395  2.955550e+00  1.659752e+07
396  2.963033e+00  1.641522e+07
397  2.970515e+00  1.623863e+07
398  2.977998e+00  1.605876e+07
399  2.985480e+00  1.588626e+07
400  2.992963e+00  1.571586e+07
401  3.000445e+00  1.553982e+07
402  3.007927e+00  1.536271e+07
403  3.015410e+00  1.519073e+07
404  3.022892e+00  1.502017e+07
405  3.030375e+00  1.485118e+07
406  3.037857e+00  1.468561e+07
407  3.045339e+00  1.451583e+07
408  3.052822e+00  1.435234e+07
409  3.060304e+00  1.418835e+07
410  3.067786e+00  1.402619e+07
411  3.075269e+00  1.385647e+07
412  3.082751e+00  1.369791e+07
413  3.090234e+00  1.353763e+07
414  3.097716e+00  1.338118e+07
415  3.105199e+00  1.321587e+07
416  3.112681e+00  1.306416e+07
417  3.120163e+00  1.290314e+07
418  3.127646e+00  1.275112e+07
419  3.135128e+00  1.259582e+07
