# Detector:    LPD
# DateCreated: 2026-09-02T10:22:09

0    0.000000e+00  1.922948e+07
1    7.482413e-03  1.920052e+07
2    1.496483e-02  1.917668e+07
3    2.244724e-02  1.915688e+07
4    2.992965e-02  1.913331e+07
5    3.741206e-02  1.911288e+07
6    4.489448e-02  1.909664e+07
7    5.237689e-02  1.908389e+07
8    5.985930e-02  1.907029e+07
9    6.734172e-02  1.905697e+07
10   7.482412e-02  1.904929e+07
11   8.230654e-02  1.904474e+07
12   8.978895e-02  1.904351e+07
13   9.727137e-02  1.903605e+07
14   1.047538e-01  1.903156e+07
15   1.122362e-01  1.903811e+07
16   1.197186e-01  1.904057e+07
17   1.272010e-01  1.904127e+07
18   1.346834e-01  1.905335e+07
19   1.421658e-01  1.905449e+07
20   1.496482e-01  1.907065e+07
21   1.571307e-01  1.907790e+07
22   1.646131e-01  1.909583e+07
23   1.720955e-01  1.911463e+07
24   1.795779e-01  1.912741e+07
25   1.870603e-01  1.915381e+07
26   1.945427e-01  1.917511e+07
27   2.020251e-01  1.920166e+07
28   2.095076e-01  1.922121e+07
29   2.169900e-01  1.925188e+07
30   2.244724e-01  1.928650e+07
31   2.319548e-01  1.931766e+07
32   2.394372e-01  1.935103e+07
33   2.469196e-01  1.938259e+07
34   2.544020e-01  1.941744e+07
35   2.618845e-01  1.946354e+07
36   2.693669e-01  1.950191e+07
37   2.768493e-01  1.954700e+07
38   2.843317e-01  1.958806e+07
39   2.918141e-01  1.963373e+07
40   2.992965e-01  1.968614e+07
41   3.067789e-01  1.974024e+07
42   3.142613e-01  1.978821e+07
43   3.217438e-01  1.984568e+07
44   3.292262e-01  1.990096e+07
45   3.367086e-01  1.996032e+07
46   3.441910e-01  2.002119e+07
47   3.516734e-01  2.007666e+07
48   3.591558e-01  2.014552e+07
49   3.666382e-01  2.020932e+07
50   3.741206e-01  2.027085e+07
51   3.816031e-01  2.034305e+07
52   3.890855e-01  2.041360e+07
53   3.965679e-01  2.048415e+07
54   4.040503e-01  2.055907e+07
55   4.115327e-01  2.064024e+07
56   4.190151e-01  2.071758e+07
57   4.264975e-01  2.079278e+07
58   4.339799e-01  2.087581e+07
59   4.414623e-01  2.095708e+07
60   4.489448e-01  2.104232e+07
61   4.564272e-01  2.112699e+07
62   4.639096e-01  2.121318e+07
63   4.713920e-01  2.130183e+07
64   4.788744e-01  2.139485e+07
65   4.863568e-01  2.148736e+07
66   4.938392e-01  2.157946e+07
67   5.013217e-01  2.167340e+07
68   5.088041e-01  2.176689e+07
69   5.162865e-01  2.187204e+07
70   5.237689e-01  2.196944e+07
71   5.312513e-01  2.206677e+07
72   5.387337e-01  2.216953e+07
73   5.462161e-01  2.228050e+07
74   5.536985e-01  2.237849e+07
75   5.611809e-01  2.248950e+07
76   5.686634e-01  2.259448e+07
77   5.761458e-01  2.271060e+07
78   5.836282e-01  2.282138e+07
79   5.911106e-01  2.293015e+07
80   5.985930e-01  2.304457e+07
81   6.060754e-01  2.316268e+07
82   6.135578e-01  2.328280e+07
83   6.210403e-01  2.339687e+07
84   6.285227e-01  2.351808e+07
85   6.360051e-01  2.363275e+07
86   6.434875e-01  2.375799e+07
87   6.509699e-01  2.387783e+07
88   6.584523e-01  2.400902e+07
89   6.659347e-01  2.413527e+07
90   6.734172e-01  2.425902e+07
91   6.808996e-01  2.438293e+07
92   6.883820e-01  2.451654e+07
93   6.958644e-01  2.464460e+07
94   7.033468e-01  2.477936e+07
95   7.108292e-01  2.491135e+07
96   7.183116e-01  2.504235e+07
97   7.257940e-01  2.517107e+07
98   7.332764e-01  2.530554e+07
99   7.407588e-01  2.544015e+07
100  7.482412e-01  2.557806e+07
101  7.557237e-01  2.571537e+07
102  7.632061e-01  2.585438e+07
103  7.706885e-01  2.599567e+07
104  7.781709e-01  2.613667e+07
105  7.856534e-01  2.627818e+07
106  7.931358e-01  2.641364e+07
107  8.006182e-01  2.655940e+07
108  8.081006e-01  2.670904e+07
109  8.155830e-01  2.684863e+07
110  8.230654e-01  2.699278e+07
111  8.305478e-01  2.713795e+07
112  8.380302e-01  2.728278e+07
113  8.455126e-01  2.742849e+07
114  8.529950e-01  2.757856e+07
115  8.604774e-01  2.772586e+07
116  8.679599e-01  2.786473e+07
117  8.754423e-01  2.801839e+07
118  8.829247e-01  2.816918e+07
119  8.904071e-01  2.831593e+07
120  8.978896e-01  2.846097e+07
121  9.053720e-01  2.861665e+07
122  9.128544e-01  2.876722e+07
123  9.203368e-01  2.891468e+07
124  9.278192e-01  2.906723e+07
125  9.353016e-01  2.921362e+07
126  9.427840e-01  2.935982e+07
127  9.502664e-01  2.951116e+07
128  9.577488e-01  2.966800e+07
129  9.652312e-01  2.982021e+07
130  9.727136e-01  2.997180e+07
131  9.801961e-01  3.011677e+07
132  9.876785e-01  3.026919e+07
133  9.951609e-01  3.041827e+07
134  1.002643e+00  3.057390e+07
135  1.010126e+00  3.072677e+07
136  1.017608e+00  3.087834e+07
137  1.025091e+00  3.101837e+07
138  1.032573e+00  3.117672e+07
139  1.040055e+00  3.132001e+07
140  1.047538e+00  3.146860e+07
141  1.055020e+00  3.162084e+07
142  1.062503e+00  3.176707e+07
143  1.069985e+00  3.191985e+07
144  1.077467e+00  3.206627e+07
145  1.084950e+00  3.221960e+07
146  1.092432e+00  3.236992e+07
147  1.099915e+00  3.251386e+07
148  1.107397e+00  3.266198e+07
149  1.114879e+00  3.280851e+07
150  1.122362e+00  3.294746e+07
151  1.129844e+00  3.309520e+07
152  1.137327e+00  3.323237e+07
153  1.144809e+00  3.338213e+07
154  1.152292e+00  3.352801e+07
155  1.159774e+00  3.366275e+07
156  1.167256e+00  3.380947e+07
157  1.174739e+00  3.394984e+07
158  1.182221e+00  3.408519e+07
159  1.189704e+00  3.422678e+07
160  1.197186e+00  3.436734e+07
161  1.204668e+00  3.449526e+07
162  1.212151e+00  3.463306e+07
163  1.219633e+00  3.476970e+07
164  1.227116e+00  3.490484e+07
165  1.234598e+00  3.503056e+07
166  1.242081e+00  3.516470e+07
167  1.249563e+00  3.529223e+07
168  1.257045e+00  3.542577e+07
169  1.264528e+00  3.555244e+07
170  1.272010e+00  3.567559e+07
171  1.279493e+00  3.580178e+07
172  1.286975e+00  3.593061e+07
173  1.294457e+00  3.605016e+07
174  1.301940e+00  3.616580e+07
175  1.309422e+00  3.629529e+07
176  1.316905e+00  3.640620e+07
177  1.324387e+00  3.652275e+07
178  1.331869e+00  3.663731e+07
179  1.339352e+00  3.675102e+07
180  1.346834e+00  3.686726e+07
181  1.354317e+00  3.697889e+07
182  1.361799e+00  3.708595e+07
183  1.369282e+00  3.719375e+07
184  1.376764e+00  3.730268e+07
185  1.384246e+00  3.739953e+07
186  1.391729e+00  3.750661e+07
187  1.399211e+00  3.761088e+07
188  1.406694e+00  3.770804e+07
189  1.414176e+00  3.780059e+07
190  1.421658e+00  3.789524e+07
191  1.429141e+00  3.798817e+07
192  1.436623e+00  3.808028e+07
193  1.444106e+00  3.817188e+07
194  1.451588e+00  3.826456e+07
195  1.459070e+00  3.834813e+07
196  1.466553e+00  3.843391e+07
197  1.474035e+00  3.850967e+07
198  1.481518e+00  3.859197e+07
199  1.489000e+00  3.867054e+07
200  1.496482e+00  3.874316e+07
201  1.503965e+00  3.881971e+07
202  1.511447e+00  3.888949e+07
203  1.518930e+00  3.896749e+07
204  1.526412e+00  3.903462e+07
205  1.533895e+00  3.909982e+07
206  1.541377e+00  3.916489e+07
207  1.548859e+00  3.922084e+07
208  1.556342e+00  3.927803e+07
209  1.563824e+00  3.933400e+07
210  1.571307e+00  3.939734e+07
211  1.578789e+00  3.944812e+07
212  1.586272e+00  3.949034e+07
213  1.593754e+00  3.953820e+07
214  1.601236e+00  3.959192e+07
215  1.608719e+00  3.963396e+07
216  1.616201e+00  3.966958e+07
217  1.623684e+00  3.971075e+07
218  1.631166e+00  3.973853e+07
219  1.638648e+00  3.977460e+07
220  1.646131e+00  3.981375e+07
221  1.653613e+00  3.984306e+07
222  1.661096e+00  3.986795e+07
223  1.668578e+00  3.988163e+07
224  1.676060e+00  3.990959e+07
225  1.683543e+00  3.992133e+07
226  1.691025e+00  3.994892e+07
227  1.698508e+00  3.995436e+07
228  1.705990e+00  3.996812e+07
229  1.713472e+00  3.997943e+07
230  1.720955e+00  3.999062e+07
231  1.728437e+00  3.999382e+07
232  1.735920e+00  3.999571e+07
233  1.743402e+00  3.998850e+07
234  1.750885e+00  3.998847e+07
235  1.758367e+00  3.998132e+07
236  1.765849e+00  3.997256e+07
237  1.773332e+00  3.996400e+07
238  1.780814e+00  3.994307e+07
239  1.788297e+00  3.992885e+07
240  1.795779e+00  3.991849e+07
241  1.803262e+00  3.989457e+07
242  1.810744e+00  3.986413e+07
243  1.818226e+00  3.984044e+07
244  1.825709e+00  3.981832e+07
245  1.833191e+00  3.978403e+07
246  1.840674e+00  3.974685e+07
247  1.848156e+00  3.971703e+07
248  1.855638e+00  3.967024e+07
249  1.863121e+00  3.963420e+07
250  1.870603e+00  3.958584e+07
251  1.878086e+00  3.953772e+07
252  1.885568e+00  3.949206e+07
253  1.893050e+00  3.944789e+07
254  1.900533e+00  3.939315e+07
255  1.908015e+00  3.933231e+07
256  1.915498e+00  3.927831e+07
257  1.922980e+00  3.921407e+07
258  1.930462e+00  3.915194e+07
259  1.937945e+00  3.907704e+07
260  1.945427e+00  3.901399e+07
261  1.952910e+00  3.893876e+07
262  1.960392e+00  3.886709e+07
263  1.967875e+00  3.879752e+07
264  1.975357e+00  3.871618e+07
265  1.982839e+00  3.863484e+07
266  1.990322e+00  3.855718e+07
267  1.997804e+00  3.846633e+07
268  2.005287e+00  3.838068e+07
269  2.012769e+00  3.828445e+07
270  2.020252e+00  3.819736e+07
271  2.027734e+00  3.810756e+07
272  2.035216e+00  3.800541e+07
273  2.042699e+00  3.790132e+07
274  2.050181e+00  3.780339e+07
275  2.057663e+00  3.770001e+07
276  2.065146e+00  3.759428e+07
277  2.072628e+00  3.748426e+07
278  2.080111e+00  3.737984e+07
279  2.087593e+00  3.727117e+07
280  2.095076e+00  3.715216e+07
281  2.102558e+00  3.703656e+07
282  2.110040e+00  3.691519e+07
283  2.117523e+00  3.679306e+07
284  2.125005e+00  3.667107e+07
285  2.132488e+00  3.655214e+07
286  2.139970e+00  3.642174e+07
287  2.147452e+00  3.629580e+07
288  2.154935e+00  3.616460e+07
289  2.162417e+00  3.603192e+07
290  2.169900e+00  3.589371e+07
291  2.177382e+00  3.575310e+07
292  2.184865e+00  3.561796e+07
293  2.192347e+00  3.548315e+07
294  2.199829e+00  3.533770e+07
295  2.207312e+00  3.519068e+07
296  2.214794e+00  3.504840e+07
297  2.222277e+00  3.490056e+07
298  2.229759e+00  3.475728e+07
299  2.237242e+00  3.459629e+07
300  2.244724e+00  3.444841e+07
301  2.252206e+00  3.429900e+07
302  2.259689e+00  3.413682e+07
303  2.267171e+00  3.398661e+07
304  2.274653e+00  3.382182e+07
305  2.282136e+00  3.366064e+07
306  2.289618e+00  3.350326e+07
307  2.297101e+00  3.333432e+07
308  2.304583e+00  3.317675e+07
309  2.312066e+00  3.300553e+07
310  2.319548e+00  3.283886e+07
311  2.327030e+00  3.267388e+07
312  2.334513e+00  3.249514e+07
313  2.341995e+00  3.233057e+07
314  2.349478e+00  3.215235e+07
315  2.356960e+00  3.198304e+07
316  2.364442e+00  3.180055e+07
317  2.371925e+00  3.162345e+07
318  2.379407e+00  3.145464e+07
319  2.386890e+00  3.126935e+07
320  2.394372e+00  3.108916e+07
321  2.401855e+00  3.090668e+07
322  2.409337e+00  3.072897e+07
323  2.416819e+00  3.054804e+07
324  2.424302e+00  3.036318e+07
325  2.431784e+00  3.018012e+07
326  2.439266e+00  2.998603e+07
327  2.446749e+00  2.980097e+07
328  2.454231e+00  2.961795e+07
329  2.461714e+00  2.942877e+07
330  2.469196e+00  2.923733e+07
331  2.476679e+00  2.904867e+07
332  2.484161e+00  2.885751e+07
333  2.491643e+00  2.866940e+07
334  2.499126e+00  2.847975e+07
335  2.506608e+00  2.828321e+07
336  2.514091e+00  2.809106e+07
337  2.521573e+00  2.789696e+07
338  2.529056e+00  2.770437e+07
339  2.536538e+00  2.750397e+07
340  2.544020e+00  2.731316e+07
341  2.551503e+00  2.711511e+07
342  2.558985e+00  2.691825e+07
343  2.566468e+00  2.671933e+07
344  2.573950e+00  2.652671e+07
345  2.581432e+00  2.632449e+07
346  2.588915e+00  2.612547e+07
347  2.596397e+00  2.593156e+07
348  2.603880e+00  2.573715e+07
349  2.611362e+00  2.553875e+07
350  2.618845e+00  2.534090e+07
351  2.626327e+00  2.514056e+07
352  2.633809e+00  2.493574e+07
353  2.641292e+00  2.474351e+07
354  2.648774e+00  2.454075e+07
355  2.656256e+00  2.433939e+07
356  2.663739e+00  2.414378e+07
357  2.671221e+00  2.394137e+07
358  2.678704e+00  2.374419e+07
359  2.686186e+00  2.354880e+07
360  2.693669e+00  2.334850e+07
361  2.701151e+00  2.315188e+07
362  2.708633e+00  2.295461e+07
363  2.716116e+00  2.274874e+07
364  2.723598e+00  2.255584e+07
365  2.731081e+00  2.235351e+07
366  2.738563e+00  2.215793e+07
367  2.746046e+00  2.195863e+07
368  2.753528e+00  2.176425e+07
369  2.761010e+00  2.156618e+07
370  2.768493e+00  2.137531e+07
371  2.775975e+00  2.117881e+07
372  2.783458e+00  2.097990e+07
373  2.790940e+00  2.078887e+07
374  2.798422e+00  2.059349e+07
375  2.805905e+00  2.039417e+07
376  2.813387e+00  2.020041e+07
377  2.820870e+00  2.001019e+07
378  2.828352e+00  1.981750e+07
379  2.835835e+00  1.962801e+07
380  2.843317e+00  1.943479e+07
381  2.850799e+00  1.924740e+07
382  2.858282e+00  1.905194e+07
383  2.865764e+00  1.886763e+07
384  2.873246e+00  1.867328e+07
385  2.880729e+00  1.848671e+07
386  2.888211e+00  1.830037e+07
387  2.895694e+00  1.811062e+07
388  2.903176e+00  1.792612e+07
389  2.910659e+00  1.774144e+07
390  2.918141e+00  1.756345e+07
391  2.925623e+00  1.737852e+07
392  2.933106e+00  1.719281e+07
393  2.940588e+00  1.701263e+07
394  2.948071e+00  1.682880e+07
395  2.955553e+00  1.664885e+07
396  2.963035e+00  1.647194e+07
397  2.970518e+00  1.629279e+07
398  2.978000e+00  1.611981e+07
399  2.985483e+00  1.593978e+07
400  2.992965e+00  1.576480e+07
401  3.000448e+00  1.558842e+07
402  3.007930e+00  1.541540e+07
403  3.015412e+00  1.524571e+07
404  3.022895e+00  1.507716e+07
405  3.030377e+00  1.490834e+07
406  3.037860e+00  1.473379e+07
407  3.045342e+00  1.456675e+07
408  3.052824e+00  1.440226e+07
409  3.060307e+00  1.423793e+07
410  3.067789e+00  1.406840e+07
411  3.075272e+00  1.390605e+07
412  3.082754e+00  1.374170e+07
413  3.090236e+00  1.358059e+07
414  3.097719e+00  1.342200e+07
415  3.105201e+00  1.326270e+07
416  3.112684e+00  1.310664e+07
417  3.120166e+00  1.294905e+07
418  3.127649e+00  1.279707e+07
419  3.135131e+00  1.264025e+07
