# Detector:    LPD
# DateCreated: 2026-09-02T10:22:07

0    0.000000e+00  1.481669e+07
1    7.482470e-03  1.479618e+07
2    1.496494e-02  1.477625e+07
3    2.244741e-02  1.476566e+07
4    2.992988e-02  1.474715e+07
5    3.741235e-02  1.473377e+07
6    4.489482e-02  1.472068e+07
7    5.237729e-02  1.470420e+07
8    5.985976e-02  1.469482e+07
9    6.734223e-02  1.468925e+07
10   7.482470e-02  1.468126e+07
11   8.230717e-02  1.467768e+07
12   8.978964e-02  1.467075e+07
13   9.727211e-02  1.466696e+07
14   1.047546e-01  1.466744e+07
15   1.122371e-01  1.466874e+07
16   1.197195e-01  1.466776e+07
17   1.272020e-01  1.467182e+07
18   1.346845e-01  1.467724e+07
19   1.421669e-01  1.468375e+07
20   1.496494e-01  1.469482e+07
21   1.571319e-01  1.470510e+07
22   1.646143e-01  1.471327e+07
23   1.720968e-01  1.472984e+07
24   1.795793e-01  1.474031e+07
25   1.870618e-01  1.476095e+07
26   1.945442e-01  1.477325e+07
27   2.020267e-01  1.479391e+07
28   2.095092e-01  1.481163e+07
29   2.169916e-01  1.483895e+07
30   2.244741e-01  1.485989e+07
31   2.319566e-01  1.488496e+07
32   2.394390e-01  1.490782e+07
33   2.469215e-01  1.493491e+07
34   2.544040e-01  1.496833e+07
35   2.618864e-01  1.499571e+07
36   2.693689e-01  1.502741e+07
37   2.768514e-01  1.506314e+07
38   2.843339e-01  1.509997e+07
39   2.918163e-01  1.513085e+07
40   2.992988e-01  1.517186e+07
41   3.067813e-01  1.520864e+07
42   3.142637e-01  1.525285e+07
43   3.217462e-01  1.528851e+07
44   3.292287e-01  1.533539e+07
45   3.367111e-01  1.538262e+07
46   3.441936e-01  1.542858e+07
47   3.516761e-01  1.547675e+07
48   3.591586e-01  1.552307e+07
49   3.666410e-01  1.557403e+07
50   3.741235e-01  1.562458e+07
51   3.816060e-01  1.567905e+07
52   3.890885e-01  1.573483e+07
53   3.965709e-01  1.579049e+07
54   4.040534e-01  1.584440e+07
55   4.115359e-01  1.590471e+07
56   4.190183e-01  1.596328e+07
57   4.265008e-01  1.602359e+07
58   4.339833e-01  1.608210e+07
59   4.414657e-01  1.614980e+07
60   4.489482e-01  1.621428e+07
61   4.564307e-01  1.627563e+07
62   4.639131e-01  1.634977e+07
63   4.713956e-01  1.641562e+07
64   4.788781e-01  1.648638e+07
65   4.863605e-01  1.655457e+07
66   4.938430e-01  1.662654e+07
67   5.013255e-01  1.670037e+07
68   5.088080e-01  1.678039e+07
69   5.162904e-01  1.684955e+07
70   5.237729e-01  1.692846e+07
71   5.312554e-01  1.700647e+07
72   5.387378e-01  1.708779e+07
73   5.462203e-01  1.716775e+07
74   5.537028e-01  1.724581e+07
75   5.611852e-01  1.733393e+07
76   5.686677e-01  1.741197e+07
77   5.761502e-01  1.749898e+07
78   5.836326e-01  1.758723e+07
79   5.911151e-01  1.767255e+07
80   5.985976e-01  1.775796e+07
81   6.060801e-01  1.785300e+07
82   6.135625e-01  1.793547e+07
83   6.210450e-01  1.803221e+07
84   6.285275e-01  1.812282e+07
85   6.360099e-01  1.821513e+07
86   6.434924e-01  1.831207e+07
87   6.509749e-01  1.840775e+07
88   6.584573e-01  1.849960e+07
89   6.659398e-01  1.859675e+07
90   6.734223e-01  1.869074e+07
91   6.809047e-01  1.879587e+07
92   6.883872e-01  1.888967e+07
93   6.958697e-01  1.899270e+07
94   7.033522e-01  1.909030e+07
95   7.108346e-01  1.918987e+07
96   7.183172e-01  1.929531e+07
97   7.257996e-01  1.939967e+07
98   7.332821e-01  1.950574e+07
99   7.407646e-01  1.960541e+07
100  7.482470e-01  1.971272e+07
101  7.557295e-01  1.982215e+07
102  7.632120e-01  1.992850e+07
103  7.706944e-01  2.002963e+07
104  7.781769e-01  2.013698e+07
105  7.856594e-01  2.024588e+07
106  7.931418e-01  2.035487e+07
107  8.006243e-01  2.047021e+07
108  8.081068e-01  2.057926e+07
109  8.155892e-01  2.068654e+07
110  8.230717e-01  2.080296e+07
111  8.305542e-01  2.091226e+07
112  8.380367e-01  2.102427e+07
113  8.455191e-01  2.114039e+07
114  8.530016e-01  2.124957e+07
115  8.604841e-01  2.136445e+07
116  8.679665e-01  2.147895e+07
117  8.754490e-01  2.159328e+07
118  8.829315e-01  2.170440e+07
119  8.904139e-01  2.182130e+07
120  8.978964e-01  2.193259e+07
121  9.053789e-01  2.205161e+07
122  9.128613e-01  2.216759e+07
123  9.203438e-01  2.228071e+07
124  9.278263e-01  2.240064e+07
125  9.353088e-01  2.251060e+07
126  9.427912e-01  2.263079e+07
127  9.502737e-01  2.274533e+07
128  9.577562e-01  2.285975e+07
129  9.652386e-01  2.297540e+07
130  9.727211e-01  2.309641e+07
131  9.802036e-01  2.321282e+07
132  9.876860e-01  2.332186e+07
133  9.951685e-01  2.344283e+07
134  1.002651e+00  2.355890e+07
135  1.010134e+00  2.367976e+07
136  1.017616e+00  2.379486e+07
137  1.025098e+00  2.390445e+07
138  1.032581e+00  2.402012e+07
139  1.040063e+00  2.414355e+07
140  1.047546e+00  2.424979e+07
141  1.055028e+00  2.436453e+07
142  1.062511e+00  2.448382e+07
143  1.069993e+00  2.460248e+07
144  1.077476e+00  2.470858e+07
145  1.084958e+00  2.482565e+07
146  1.092441e+00  2.494171e+07
147  1.099923e+00  2.505362e+07
148  1.107406e+00  2.516288e+07
149  1.114888e+00  2.528209e+07
150  1.122370e+00  2.538762e+07
151  1.129853e+00  2.550499e+07
152  1.137335e+00  2.561727e+07
153  1.144818e+00  2.572065e+07
154  1.152300e+00  2.583129e+07
155  1.159783e+00  2.594658e+07
156  1.167265e+00  2.605037e+07
157  1.174748e+00  2.616117e+07
158  1.182230e+00  2.626892e+07
159  1.189713e+00  2.637536e+07
160  1.197195e+00  2.648367e+07
161  1.204678e+00  2.658676e+07
162  1.212160e+00  2.668703e+07
163  1.219643e+00  2.679565e+07
164  1.227125e+00  2.689693e+07
165  1.234608e+00  2.699833e+07
166  1.242090e+00  2.710351e+07
167  1.249573e+00  2.719667e+07
168  1.257055e+00  2.729930e+07
169  1.264537e+00  2.739457e+07
170  1.272020e+00  2.748906e+07
171  1.279502e+00  2.759034e+07
172  1.286985e+00  2.768724e+07
173  1.294467e+00  2.778237e+07
174  1.301950e+00  2.787278e+07
175  1.309432e+00  2.797121e+07
176  1.316915e+00  2.805790e+07
177  1.324397e+00  2.814754e+07
178  1.331880e+00  2.823271e+07
179  1.339362e+00  2.832472e+07
180  1.346845e+00  2.840934e+07
181  1.354327e+00  2.850092e+07
182  1.361809e+00  2.857528e+07
183  1.369292e+00  2.866711e+07
184  1.376774e+00  2.874797e+07
185  1.384257e+00  2.882506e+07
186  1.391739e+00  2.890912e+07
187  1.399222e+00  2.898203e+07
188  1.406704e+00  2.905573e+07
189  1.414187e+00  2.913127e+07
190  1.421669e+00  2.920302e+07
191  1.429152e+00  2.927992e+07
192  1.436634e+00  2.934490e+07
193  1.444117e+00  2.941878e+07
194  1.451599e+00  2.949031e+07
195  1.459082e+00  2.954828e+07
196  1.466564e+00  2.961924e+07
197  1.474047e+00  2.967500e+07
198  1.481529e+00  2.973765e+07
199  1.489012e+00  2.979878e+07
200  1.496494e+00  2.986165e+07
201  1.503976e+00  2.991279e+07
202  1.511459e+00  2.997459e+07
203  1.518941e+00  3.002395e+07
204  1.526424e+00  3.007372e+07
205  1.533906e+00  3.013176e+07
206  1.541389e+00  3.017384e+07
207  1.548871e+00  3.022505e+07
208  1.556354e+00  3.027409e+07
209  1.563836e+00  3.031891e+07
210  1.571319e+00  3.035483e+07
211  1.578801e+00  3.040013e+07
212  1.586284e+00  3.043007e+07
213  1.593766e+00  3.047016e+07
214  1.601249e+00  3.051096e+07
215  1.608731e+00  3.053361e+07
216  1.616214e+00  3.056669e+07
217  1.623696e+00  3.060050e+07
218  1.631178e+00  3.062747e+07
219  1.638661e+00  3.064814e+07
220  1.646143e+00  3.067242e+07
221  1.653626e+00  3.069839e+07
222  1.661108e+00  3.072052e+07
223  1.668591e+00  3.074041e+07
224  1.676073e+00  3.075192e+07
225  1.683556e+00  3.076883e+07
226  1.691038e+00  3.078176e+07
227  1.698521e+00  3.079459e+07
228  1.706003e+00  3.079859e+07
229  1.713486e+00  3.080334e+07
230  1.720968e+00  3.081245e+07
231  1.728451e+00  3.081308e+07
232  1.735933e+00  3.081246e+07
233  1.743415e+00  3.082063e+07
234  1.750898e+00  3.081768e+07
235  1.758380e+00  3.081364e+07
236  1.765863e+00  3.080309e+07
237  1.773345e+00  3.079938e+07
238  1.780828e+00  3.078759e+07
239  1.788310e+00  3.077646e+07
240  1.795793e+00  3.075982e+07
241  1.803275e+00  3.074504e+07
242  1.810758e+00  3.071979e+07
243  1.818240e+00  3.069773e+07
244  1.825723e+00  3.068244e+07
245  1.833205e+00  3.065233e+07
246  1.840688e+00  3.063091e+07
247  1.848170e+00  3.059983e+07
248  1.855653e+00  3.057353e+07
249  1.863135e+00  3.053548e+07
250  1.870618e+00  3.051219e+07
251  1.878100e+00  3.047563e+07
252  1.885582e+00  3.043521e+07
253  1.893065e+00  3.038966e+07
254  1.900547e+00  3.035754e+07
255  1.908030e+00  3.030522e+07
256  1.915512e+00  3.026819e+07
257  1.922995e+00  3.022069e+07
258  1.930477e+00  3.016806e+07
259  1.937960e+00  3.012011e+07
260  1.945442e+00  3.006470e+07
261  1.952925e+00  3.000463e+07
262  1.960407e+00  2.994852e+07
263  1.967890e+00  2.989123e+07
264  1.975372e+00  2.983450e+07
265  1.982855e+00  2.976812e+07
266  1.990337e+00  2.971300e+07
267  1.997820e+00  2.964177e+07
268  2.005302e+00  2.957174e+07
269  2.012784e+00  2.951153e+07
270  2.020267e+00  2.943888e+07
271  2.027749e+00  2.936744e+07
272  2.035232e+00  2.928862e+07
273  2.042714e+00  2.920981e+07
274  2.050197e+00  2.912957e+07
275  2.057679e+00  2.905848e+07
276  2.065162e+00  2.897007e+07
277  2.072644e+00  2.888654e+07
278  2.080127e+00  2.880803e+07
279  2.087609e+00  2.872268e+07
280  2.095092e+00  2.862785e+07
281  2.102574e+00  2.853623e+07
282  2.110057e+00  2.845308e+07
283  2.117539e+00  2.835249e+07
284  2.125021e+00  2.826318e+07
285  2.132504e+00  2.816179e+07
286  2.139987e+00  2.806196e+07
287  2.147469e+00  2.796990e+07
288  2.154951e+00  2.786808e+07
289  2.162434e+00  2.775989e+07
290  2.169916e+00  2.765692e+07
291  2.177399e+00  2.755909e+07
292  2.184881e+00  2.744611e+07
293  2.192364e+00  2.733678e+07
294  2.199846e+00  2.723109e+07
295  2.207329e+00  2.712421e+07
296  2.214811e+00  2.700839e+07
297  2.222294e+00  2.689926e+07
298  2.229776e+00  2.678014e+07
299  2.237258e+00  2.666577e+07
300  2.244741e+00  2.654453e+07
301  2.252223e+00  2.642491e+07
302  2.259706e+00  2.630582e+07
303  2.267188e+00  2.618327e+07
304  2.274671e+00  2.606702e+07
305  2.282153e+00  2.594411e+07
306  2.289636e+00  2.581805e+07
307  2.297118e+00  2.568748e+07
308  2.304601e+00  2.556629e+07
309  2.312083e+00  2.543274e+07
310  2.319566e+00  2.530618e+07
311  2.327048e+00  2.517026e+07
312  2.334531e+00  2.504609e+07
313  2.342013e+00  2.491548e+07
314  2.349496e+00  2.477870e+07
315  2.356978e+00  2.464366e+07
316  2.364460e+00  2.451072e+07
317  2.371943e+00  2.437269e+07
318  2.379426e+00  2.423926e+07
319  2.386908e+00  2.409447e+07
320  2.394390e+00  2.395969e+07
321  2.401873e+00  2.382386e+07
322  2.409355e+00  2.368389e+07
323  2.416838e+00  2.353673e+07
324  2.424320e+00  2.339885e+07
325  2.431803e+00  2.325863e+07
326  2.439285e+00  2.311291e+07
327  2.446768e+00  2.296594e+07
328  2.454250e+00  2.282175e+07
329  2.461733e+00  2.267379e+07
330  2.469215e+00  2.253165e+07
331  2.476698e+00  2.238073e+07
332  2.484180e+00  2.224115e+07
333  2.491663e+00  2.209074e+07
334  2.499145e+00  2.193809e+07
335  2.506628e+00  2.179804e+07
336  2.514110e+00  2.164821e+07
337  2.521592e+00  2.149215e+07
338  2.529075e+00  2.134265e+07
339  2.536557e+00  2.119322e+07
340  2.544040e+00  2.104470e+07
341  2.551522e+00  2.089250e+07
342  2.559005e+00  2.074403e+07
343  2.566487e+00  2.058817e+07
344  2.573970e+00  2.043754e+07
345  2.581452e+00  2.028948e+07
346  2.588935e+00  2.013588e+07
347  2.596417e+00  1.998345e+07
348  2.603899e+00  1.983282e+07
349  2.611382e+00  1.967341e+07
350  2.618865e+00  1.952426e+07
351  2.626347e+00  1.936751e+07
352  2.633829e+00  1.921572e+07
353  2.641312e+00  1.906276e+07
354  2.648794e+00  1.890935e+07
355  2.656277e+00  1.876218e+07
356  2.663759e+00  1.860512e+07
357  2.671242e+00  1.844763e+07
358  2.678724e+00  1.829604e+07
359  2.686207e+00  1.814446e+07
360  2.693689e+00  1.798902e+07
361  2.701172e+00  1.783521e+07
362  2.708654e+00  1.769013e+07
363  2.716137e+00  1.753739e+07
364  2.723619e+00  1.738408e+07
365  2.731102e+00  1.722459e+07
366  2.738584e+00  1.707848e+07
367  2.746067e+00  1.692235e+07
368  2.753549e+00  1.677172e+07
369  2.761031e+00  1.661815e+07
370  2.768514e+00  1.647255e+07
371  2.775996e+00  1.631549e+07
372  2.783479e+00  1.616644e+07
373  2.790961e+00  1.601769e+07
374  2.798444e+00  1.586865e+07
375  2.805926e+00  1.571445e+07
376  2.813409e+00  1.556754e+07
377  2.820891e+00  1.541987e+07
378  2.828374e+00  1.527288e+07
379  2.835856e+00  1.512432e+07
380  2.843338e+00  1.497768e+07
381  2.850821e+00  1.482726e+07
382  2.858304e+00  1.468602e+07
383  2.865786e+00  1.453516e+07
384  2.873269e+00  1.439334e+07
385  2.880751e+00  1.424413e+07
386  2.888233e+00  1.410258e+07
387  2.895716e+00  1.395588e+07
388  2.903198e+00  1.381601e+07
389  2.910681e+00  1.367449e+07
390  2.918163e+00  1.353244e+07
391  2.925646e+00  1.338879e+07
392  2.933128e+00  1.325285e+07
393  2.940611e+00  1.310706e+07
394  2.948093e+00  1.297086e+07
395  2.955576e+00  1.282877e+07
396  2.963058e+00  1.269260e+07
397  2.970541e+00  1.255577e+07
398  2.978023e+00  1.242223e+07
399  2.985506e+00  1.228343e+07
400  2.992988e+00  1.214768e+07
401  3.000470e+00  1.201201e+07
402  3.007953e+00  1.188431e+07
403  3.015435e+00  1.175055e+07
404  3.022918e+00  1.161505e+07
405  3.030400e+00  1.148805e+07
406  3.037883e+00  1.135399e+07
407  3.045365e+00  1.122414e+07
408  3.052848e+00  1.109626e+07
409  3.060330e+00  1.097143e+07
410  3.067813e+00  1.084030e+07
411  3.075295e+00  1.071510e+07
412  3.082778e+00  1.059431e+07
413  3.090260e+00  1.047007e+07
414  3.097743e+00  1.034537e+07
415  3.105225e+00  1.022315e+07
416  3.112708e+00  1.010229e+07
417  3.120190e+00  9.979917e+06
418  3.127672e+00  9.860080e+06
419  3.135155e+00  9.741140e+06
