# Detector:    Gotthard at VonHamos
# DateCreated: 2026-09-02T17:41:06
# N = 176400

0    6.974226e+03  0.000000e+00
1    6.974686e+03  0.000000e+00
2    6.975145e+03  0.000000e+00
3    6.975604e+03  0.000000e+00
4    6.976064e+03  0.000000e+00
5    6.976523e+03  0.000000e+00
6    6.976983e+03  0.000000e+00
7    6.977442e+03  0.000000e+00
8    6.977901e+03  0.000000e+00
9    6.978361e+03  0.000000e+00
10   6.978820e+03  0.000000e+00
11   6.979280e+03  0.000000e+00
12   6.979739e+03  0.000000e+00
13   6.980199e+03  0.000000e+00
14   6.980658e+03  0.000000e+00
15   6.981118e+03  0.000000e+00
16   6.981577e+03  0.000000e+00
17   6.982037e+03  0.000000e+00
18   6.982496e+03  0.000000e+00
19   6.982956e+03  0.000000e+00
20   6.983415e+03  0.000000e+00
21   6.983874e+03  0.000000e+00
22   6.984333e+03  0.000000e+00
23   6.984793e+03  0.000000e+00
24   6.985252e+03  0.000000e+00
25   6.985712e+03  0.000000e+00
26   6.986171e+03  0.000000e+00
27   6.986631e+03  0.000000e+00
28   6.987090e+03  0.000000e+00
29   6.987550e+03  0.000000e+00
30   6.988009e+03  0.000000e+00
31   6.988469e+03  0.000000e+00
32   6.988928e+03  0.000000e+00
33   6.989387e+03  0.000000e+00
34   6.989847e+03  0.000000e+00
35   6.990306e+03  0.000000e+00
36   6.990766e+03  0.000000e+00
37   6.991225e+03  0.000000e+00
38   6.991685e+03  0.000000e+00
39   6.992144e+03  0.000000e+00
40   6.992604e+03  0.000000e+00
41   6.993063e+03  0.000000e+00
42   6.993522e+03  0.000000e+00
43   6.993982e+03  0.000000e+00
44   6.994441e+03  0.000000e+00
45   6.994901e+03  0.000000e+00
46   6.995360e+03  0.000000e+00
47   6.995819e+03  0.000000e+00
48   6.996279e+03  0.000000e+00
49   6.996738e+03  0.000000e+00
50   6.997198e+03  0.000000e+00
51   6.997657e+03  0.000000e+00
52   6.998117e+03  0.000000e+00
53   6.998576e+03  0.000000e+00
54   6.999036e+03  0.000000e+00
55   6.999495e+03  0.000000e+00
56   6.999955e+03  0.000000e+00
57   7.000414e+03  0.000000e+00
58   7.000874e+03  0.000000e+00
59   7.001333e+03  0.000000e+00
60   7.001792e+03  0.000000e+00
61   7.002251e+03  0.000000e+00
62   7.002711e+03  0.000000e+00
63   7.003170e+03  0.000000e+00
64   7.003630e+03  0.000000e+00
65   7.004089e+03  0.000000e+00
66   7.004549e+03  0.000000e+00
67   7.005008e+03  0.000000e+00
68   7.005468e+03  0.000000e+00
69   7.005927e+03  0.000000e+00
70   7.006387e+03  0.000000e+00
71   7.006846e+03  0.000000e+00
72   7.007306e+03  0.000000e+00
73   7.007765e+03  0.000000e+00
74   7.008224e+03  2.065430e+00
75   7.008684e+03  2.982554e+02
76   7.009143e+03  1.960376e+02
77   7.009603e+03  8.799365e+01
78   7.010062e+03 -7.939941e+02
79   7.010521e+03 -1.617285e+01
80   7.010981e+03 -6.991543e+02
81   7.011440e+03  6.807520e+01
82   7.011900e+03  1.082725e+02
83   7.012359e+03  3.499072e+02
84   7.012819e+03  5.730581e+02
85   7.013278e+03 -8.336982e+02
86   7.013737e+03  2.576519e+02
87   7.014197e+03 -2.218472e+02
88   7.014656e+03 -3.500537e+01
89   7.015116e+03  3.058604e+02
90   7.015575e+03 -3.625278e+02
91   7.016035e+03 -1.154345e+03
92   7.016494e+03  2.121738e+02
93   7.016954e+03  5.479102e+01
94   7.017413e+03 -8.785254e+02
95   7.017873e+03 -6.773140e+02
96   7.018332e+03 -1.029604e+03
97   7.018792e+03 -4.895420e+02
98   7.019251e+03 -1.116265e+02
99   7.019710e+03  2.038989e+02
100  7.020169e+03 -7.982480e+02
101  7.020629e+03 -1.209561e+02
102  7.021088e+03 -4.266523e+02
103  7.021548e+03 -1.146318e+02
104  7.022007e+03  8.433330e+02
105  7.022467e+03 -1.945098e+02
106  7.022926e+03  2.395830e+02
107  7.023386e+03  2.925459e+02
108  7.023845e+03 -1.482206e+03
109  7.024305e+03  2.383984e+01
110  7.024764e+03 -3.155371e+01
111  7.025224e+03  2.051367e+01
112  7.025683e+03  4.283359e+02
113  7.026142e+03  9.876543e+02
114  7.026602e+03 -1.178217e+03
115  7.027061e+03 -2.266533e+02
116  7.027521e+03  1.119761e+03
117  7.027980e+03 -8.018730e+02
118  7.028439e+03  9.995039e+02
119  7.028899e+03 -1.050926e+03
120  7.029358e+03  8.038398e+02
121  7.029818e+03  1.749395e+02
122  7.030277e+03 -7.434141e+02
123  7.030737e+03  5.514629e+02
124  7.031196e+03  1.132928e+03
125  7.031655e+03 -1.159777e+03
126  7.032115e+03 -1.289707e+03
127  7.032574e+03  1.363029e+03
128  7.033034e+03 -5.251504e+02
129  7.033493e+03 -1.509162e+03
130  7.033953e+03 -4.493730e+02
131  7.034412e+03 -1.881246e+03
132  7.034872e+03  1.761371e+03
133  7.035331e+03 -7.315664e+02
134  7.035791e+03  3.935977e+02
135  7.036250e+03 -3.662539e+02
136  7.036709e+03  9.126953e+01
137  7.037169e+03  4.140625e+00
138  7.037628e+03 -1.626840e+03
139  7.038087e+03 -8.751836e+02
140  7.038547e+03 -1.101461e+03
141  7.039006e+03  5.035313e+03
142  7.039466e+03  2.807430e+03
143  7.039925e+03 -2.654688e+01
144  7.040385e+03 -6.551953e+02
145  7.040844e+03 -3.760281e+03
146  7.041304e+03 -2.975000e+02
147  7.041763e+03 -2.303789e+03
148  7.042223e+03 -8.025000e+02
149  7.042682e+03  1.565930e+03
150  7.043142e+03  1.673750e+03
151  7.043601e+03  2.879461e+03
152  7.044060e+03 -1.859594e+03
153  7.044520e+03  3.978797e+03
154  7.044979e+03  1.777656e+02
155  7.045438e+03  4.030250e+03
156  7.045898e+03  2.195578e+03
157  7.046357e+03  2.193406e+03
158  7.046817e+03 -2.042063e+03
159  7.047276e+03  8.016359e+03
160  7.047736e+03 -2.172813e+02
161  7.048195e+03 -5.200266e+03
162  7.048655e+03  2.113766e+03
163  7.049114e+03 -1.494797e+03
164  7.049573e+03 -2.374219e+02
165  7.050033e+03 -1.832484e+03
166  7.050492e+03 -4.184016e+03
167  7.050952e+03 -3.845000e+03
168  7.051411e+03  1.858063e+03
169  7.051871e+03 -7.715313e+02
170  7.052330e+03  2.782813e+02
171  7.052790e+03 -3.139625e+03
172  7.053249e+03 -2.180313e+02
173  7.053708e+03  1.401406e+03
174  7.054168e+03  9.864688e+02
175  7.054627e+03  1.941969e+03
176  7.055087e+03 -9.923813e+03
177  7.055546e+03 -8.458750e+02
178  7.056005e+03  2.138438e+03
179  7.056465e+03 -7.894813e+03
180  7.056924e+03 -2.106125e+04
181  7.057384e+03 -1.113988e+04
182  7.057843e+03 -5.685750e+03
183  7.058303e+03 -4.151625e+03
184  7.058762e+03  2.585875e+03
185  7.059222e+03 -4.294250e+03
186  7.059681e+03  1.314550e+04
187  7.060141e+03  2.806125e+03
188  7.060600e+03  5.276438e+03
189  7.061060e+03  3.578906e+03
190  7.061519e+03  7.565313e+02
191  7.061978e+03 -3.620547e+03
192  7.062438e+03  2.366094e+03
193  7.062897e+03  4.600625e+02
194  7.063356e+03 -2.148656e+03
195  7.063816e+03  3.376773e+03
196  7.064275e+03  3.041727e+03
197  7.064735e+03 -3.809336e+03
198  7.065194e+03  2.438203e+02
199  7.065654e+03  1.265820e+03
200  7.066113e+03  2.397941e+03
201  7.066573e+03 -7.738672e+01
202  7.067032e+03 -1.410188e+03
203  7.067491e+03 -1.459250e+03
204  7.067951e+03  6.677070e+02
205  7.068410e+03 -7.908242e+02
206  7.068870e+03  3.034785e+03
207  7.069329e+03  1.594609e+02
208  7.069789e+03  1.427273e+03
209  7.070248e+03  1.508703e+03
210  7.070708e+03 -7.759766e+00
211  7.071167e+03 -1.788197e+03
212  7.071626e+03  1.294688e+03
213  7.072086e+03 -8.309727e+02
214  7.072545e+03  5.136348e+02
215  7.073005e+03  6.507422e+02
216  7.073464e+03 -5.545410e+02
217  7.073923e+03  9.067598e+02
218  7.074383e+03  5.499883e+02
219  7.074842e+03 -3.621094e+01
220  7.075302e+03 -3.433301e+02
221  7.075761e+03 -3.463369e+02
222  7.076221e+03 -5.375996e+02
223  7.076680e+03  1.644531e+02
224  7.077140e+03 -5.456377e+02
225  7.077599e+03  4.780898e+02
226  7.078059e+03  1.170367e+03
227  7.078518e+03 -5.256836e+00
228  7.078978e+03  1.857227e+02
229  7.079437e+03  5.479316e+02
230  7.079896e+03 -2.773730e+02
231  7.080355e+03 -1.250683e+03
232  7.080815e+03  5.084707e+02
233  7.081274e+03  1.063770e+02
234  7.081734e+03 -3.241182e+02
235  7.082193e+03  9.553027e+01
236  7.082653e+03 -3.311250e+02
237  7.083112e+03  5.252813e+02
238  7.083572e+03 -9.486328e+00
239  7.084031e+03  2.082617e+02
240  7.084491e+03  6.807617e+00
241  7.084950e+03  1.385742e+01
242  7.085410e+03  5.549844e+02
243  7.085869e+03  3.985840e+00
244  7.086328e+03  1.190049e+02
245  7.086788e+03 -5.916558e+02
246  7.087247e+03 -6.572817e+02
247  7.087707e+03 -1.089118e+03
248  7.088166e+03 -7.248438e+01
249  7.088625e+03  4.126147e+02
250  7.089085e+03 -3.421030e+02
251  7.089544e+03 -4.611328e+01
252  7.090004e+03  8.873535e+00
253  7.090463e+03 -2.653887e+02
254  7.090923e+03  1.426934e+02
255  7.091382e+03  3.517700e+02
256  7.091841e+03  5.070996e+02
257  7.092301e+03 -1.193726e+02
258  7.092760e+03  2.891265e+02
259  7.093220e+03  3.505190e+02
260  7.093679e+03 -2.518818e+02
261  7.094139e+03  2.135039e+02
262  7.094598e+03  1.812695e+01
263  7.095058e+03  1.703940e+02
264  7.095517e+03 -4.128369e+02
265  7.095977e+03  2.172847e+02
266  7.096436e+03 -8.691672e+02
267  7.096896e+03  9.463940e+01
268  7.097355e+03  4.370928e+02
269  7.097814e+03 -1.722617e+02
270  7.098273e+03 -2.735569e+02
271  7.098733e+03  5.661475e+01
272  7.099192e+03  0.000000e+00
273  7.099652e+03  0.000000e+00
274  7.100111e+03  0.000000e+00
275  7.100571e+03  0.000000e+00
276  7.101030e+03  0.000000e+00
277  7.101490e+03  0.000000e+00
278  7.101949e+03  0.000000e+00
279  7.102409e+03  0.000000e+00
280  7.102868e+03  0.000000e+00
281  7.103328e+03  0.000000e+00
282  7.103787e+03  0.000000e+00
283  7.104246e+03  0.000000e+00
284  7.104706e+03  0.000000e+00
285  7.105165e+03  0.000000e+00
286  7.105625e+03  0.000000e+00
287  7.106084e+03  0.000000e+00
288  7.106543e+03  0.000000e+00
289  7.107003e+03  0.000000e+00
290  7.107462e+03  0.000000e+00
291  7.107922e+03  0.000000e+00
292  7.108381e+03  0.000000e+00
293  7.108841e+03  0.000000e+00
294  7.109300e+03  0.000000e+00
295  7.109759e+03  0.000000e+00
296  7.110219e+03  0.000000e+00
297  7.110678e+03  0.000000e+00
298  7.111138e+03  0.000000e+00
299  7.111597e+03  0.000000e+00
300  7.112057e+03  0.000000e+00
301  7.112516e+03  0.000000e+00
302  7.112976e+03  0.000000e+00
303  7.113435e+03  0.000000e+00
304  7.113895e+03  0.000000e+00
305  7.114354e+03  0.000000e+00
306  7.114813e+03  0.000000e+00
307  7.115273e+03  0.000000e+00
308  7.115732e+03  0.000000e+00
309  7.116191e+03  0.000000e+00
310  7.116651e+03  0.000000e+00
311  7.117110e+03  0.000000e+00
312  7.117570e+03  0.000000e+00
313  7.118029e+03  0.000000e+00
314  7.118489e+03  0.000000e+00
315  7.118948e+03  0.000000e+00
316  7.119408e+03  0.000000e+00
317  7.119867e+03  0.000000e+00
318  7.120327e+03  0.000000e+00
319  7.120786e+03  0.000000e+00
320  7.121246e+03  0.000000e+00
321  7.121705e+03  0.000000e+00
322  7.122164e+03  0.000000e+00
323  7.122624e+03  0.000000e+00
324  7.123083e+03  0.000000e+00
325  7.123542e+03  0.000000e+00
326  7.124002e+03  0.000000e+00
327  7.124461e+03  0.000000e+00
328  7.124921e+03  0.000000e+00
329  7.125380e+03  0.000000e+00
330  7.125840e+03  0.000000e+00
331  7.126299e+03  0.000000e+00
332  7.126759e+03  0.000000e+00
333  7.127218e+03  0.000000e+00
334  7.127678e+03  0.000000e+00
335  7.128137e+03  0.000000e+00
336  7.128596e+03  0.000000e+00
337  7.129056e+03  0.000000e+00
338  7.129515e+03  0.000000e+00
339  7.129975e+03  0.000000e+00
340  7.130434e+03  0.000000e+00
341  7.130894e+03  0.000000e+00
342  7.131353e+03  0.000000e+00
343  7.131813e+03  0.000000e+00
344  7.132272e+03  0.000000e+00
345  7.132731e+03  0.000000e+00
346  7.133191e+03  0.000000e+00
347  7.133650e+03  0.000000e+00
348  7.134109e+03  0.000000e+00
349  7.134569e+03  0.000000e+00
350  7.135028e+03  0.000000e+00
351  7.135488e+03  0.000000e+00
352  7.135947e+03  0.000000e+00
353  7.136407e+03  0.000000e+00
354  7.136866e+03  0.000000e+00
355  7.137326e+03  0.000000e+00
356  7.137785e+03  0.000000e+00
357  7.138245e+03  0.000000e+00
358  7.138704e+03  0.000000e+00
359  7.139164e+03  0.000000e+00
360  7.139623e+03  0.000000e+00
361  7.140082e+03  0.000000e+00
362  7.140542e+03  0.000000e+00
363  7.141001e+03  0.000000e+00
364  7.141460e+03  0.000000e+00
365  7.141920e+03  0.000000e+00
366  7.142379e+03  0.000000e+00
367  7.142839e+03  0.000000e+00
368  7.143298e+03  0.000000e+00
369  7.143758e+03  0.000000e+00
370  7.144217e+03  0.000000e+00
371  7.144677e+03  0.000000e+00
372  7.145136e+03  0.000000e+00
373  7.145596e+03  0.000000e+00
374  7.146055e+03  0.000000e+00
375  7.146514e+03  0.000000e+00
376  7.146974e+03  0.000000e+00
377  7.147433e+03  0.000000e+00
378  7.147893e+03  0.000000e+00
379  7.148352e+03  0.000000e+00
380  7.148812e+03  0.000000e+00
381  7.149271e+03  0.000000e+00
382  7.149730e+03  0.000000e+00
383  7.150190e+03  0.000000e+00
384  7.150649e+03  0.000000e+00
385  7.151109e+03  0.000000e+00
386  7.151568e+03  0.000000e+00
387  7.152027e+03  0.000000e+00
388  7.152487e+03  0.000000e+00
389  7.152946e+03  0.000000e+00
390  7.153406e+03  0.000000e+00
391  7.153865e+03  0.000000e+00
392  7.154325e+03  0.000000e+00
393  7.154784e+03  0.000000e+00
394  7.155244e+03  0.000000e+00
395  7.155703e+03  0.000000e+00
396  7.156163e+03  0.000000e+00
397  7.156622e+03  0.000000e+00
398  7.157082e+03  0.000000e+00
399  7.157541e+03  0.000000e+00
400  7.158000e+03  0.000000e+00
401  7.158459e+03  0.000000e+00
402  7.158919e+03  0.000000e+00
403  7.159378e+03  0.000000e+00
404  7.159838e+03  0.000000e+00
405  7.160297e+03  0.000000e+00
406  7.160757e+03  0.000000e+00
407  7.161216e+03  0.000000e+00
408  7.161676e+03  0.000000e+00
409  7.162135e+03  0.000000e+00
410  7.162595e+03  0.000000e+00
411  7.163054e+03  0.000000e+00
412  7.163514e+03  0.000000e+00
413  7.163973e+03  0.000000e+00
414  7.164432e+03  0.000000e+00
415  7.164892e+03  0.000000e+00
416  7.165351e+03  0.000000e+00
417  7.165811e+03  0.000000e+00
418  7.166270e+03  0.000000e+00
419  7.166729e+03  0.000000e+00
