# Detector:    Gotthard at VonHamos
# DateCreated: 2026-09-03T10:36:28
# N = 176400

0    6.974226e+03  0.000000e+00
1    6.974686e+03  0.000000e+00
2    6.975145e+03  0.000000e+00
3    6.975604e+03  0.000000e+00
4    6.976064e+03  0.000000e+00
5    6.976523e+03  0.000000e+00
6    6.976983e+03  0.000000e+00
7    6.977442e+03  0.000000e+00
8    6.977901e+03  0.000000e+00
9    6.978361e+03  0.000000e+00
10   6.978820e+03  0.000000e+00
11   6.979280e+03  0.000000e+00
12   6.979739e+03  0.000000e+00
13   6.980199e+03  0.000000e+00
14   6.980658e+03  0.000000e+00
15   6.981118e+03  0.000000e+00
16   6.981577e+03  0.000000e+00
17   6.982037e+03  0.000000e+00
18   6.982496e+03  0.000000e+00
19   6.982956e+03  0.000000e+00
20   6.983415e+03  0.000000e+00
21   6.983874e+03  0.000000e+00
22   6.984333e+03  0.000000e+00
23   6.984793e+03  0.000000e+00
24   6.985252e+03  0.000000e+00
25   6.985712e+03  0.000000e+00
26   6.986171e+03  0.000000e+00
27   6.986631e+03  0.000000e+00
28   6.987090e+03  0.000000e+00
29   6.987550e+03  0.000000e+00
30   6.988009e+03  0.000000e+00
31   6.988469e+03  0.000000e+00
32   6.988928e+03  0.000000e+00
33   6.989387e+03  0.000000e+00
34   6.989847e+03  0.000000e+00
35   6.990306e+03  0.000000e+00
36   6.990766e+03  0.000000e+00
37   6.991225e+03  0.000000e+00
38   6.991685e+03  0.000000e+00
39   6.992144e+03  0.000000e+00
40   6.992604e+03  0.000000e+00
41   6.993063e+03  0.000000e+00
42   6.993522e+03  0.000000e+00
43   6.993982e+03  0.000000e+00
44   6.994441e+03  0.000000e+00
45   6.994901e+03  0.000000e+00
46   6.995360e+03  0.000000e+00
47   6.995819e+03  0.000000e+00
48   6.996279e+03  0.000000e+00
49   6.996738e+03  0.000000e+00
50   6.997198e+03  0.000000e+00
51   6.997657e+03  0.000000e+00
52   6.998117e+03  0.000000e+00
53   6.998576e+03  0.000000e+00
54   6.999036e+03  0.000000e+00
55   6.999495e+03  0.000000e+00
56   6.999955e+03  0.000000e+00
57   7.000414e+03  0.000000e+00
58   7.000874e+03  0.000000e+00
59   7.001333e+03  0.000000e+00
60   7.001792e+03  0.000000e+00
61   7.002251e+03  0.000000e+00
62   7.002711e+03  0.000000e+00
63   7.003170e+03  0.000000e+00
64   7.003630e+03  0.000000e+00
65   7.004089e+03  0.000000e+00
66   7.004549e+03  0.000000e+00
67   7.005008e+03  0.000000e+00
68   7.005468e+03  0.000000e+00
69   7.005927e+03  0.000000e+00
70   7.006387e+03  0.000000e+00
71   7.006846e+03  0.000000e+00
72   7.007306e+03  0.000000e+00
73   7.007765e+03  0.000000e+00
74   7.008224e+03 -5.913379e+01
75   7.008684e+03 -1.679766e+02
76   7.009143e+03  9.584033e+01
77   7.009603e+03  8.351953e+01
78   7.010062e+03  2.628457e+02
79   7.010521e+03  1.081270e+02
80   7.010981e+03 -1.473989e+02
81   7.011440e+03  2.385249e+02
82   7.011900e+03 -1.269565e+02
83   7.012359e+03 -1.268721e+02
84   7.012819e+03 -6.881069e+02
85   7.013278e+03  3.395703e+01
86   7.013737e+03  5.491348e+02
87   7.014197e+03  3.419893e+02
88   7.014656e+03  4.188115e+02
89   7.015116e+03  3.708398e+01
90   7.015575e+03  7.677148e+01
91   7.016035e+03  6.437363e+02
92   7.016494e+03 -2.163018e+02
93   7.016954e+03 -8.465205e+02
94   7.017413e+03  7.280137e+02
95   7.017873e+03  1.638618e+02
96   7.018332e+03 -4.069229e+02
97   7.018792e+03 -8.458848e+02
98   7.019251e+03 -6.012256e+02
99   7.019710e+03 -3.390576e+01
100  7.020169e+03 -4.867637e+02
101  7.020629e+03  1.768916e+02
102  7.021088e+03  1.195039e+02
103  7.021548e+03  7.579463e+02
104  7.022007e+03 -1.027881e+03
105  7.022467e+03 -5.495801e+02
106  7.022926e+03 -1.219336e+02
107  7.023386e+03  2.882090e+02
108  7.023845e+03  3.585645e+02
109  7.024305e+03 -3.041533e+02
110  7.024764e+03  8.589385e+02
111  7.025224e+03 -5.221797e+02
112  7.025683e+03  3.804336e+02
113  7.026142e+03  2.271738e+02
114  7.026602e+03 -3.789248e+02
115  7.027061e+03 -1.947393e+02
116  7.027521e+03 -4.747959e+02
117  7.027980e+03  3.337139e+02
118  7.028439e+03 -4.195137e+02
119  7.028899e+03 -3.774219e+01
120  7.029358e+03 -4.297422e+02
121  7.029818e+03  9.407930e+02
122  7.030277e+03 -6.787285e+02
123  7.030737e+03  2.535566e+02
124  7.031196e+03  5.580273e+01
125  7.031655e+03  3.149043e+02
126  7.032115e+03  6.158633e+02
127  7.032574e+03  1.359438e+03
128  7.033034e+03  9.545078e+02
129  7.033493e+03  8.175039e+02
130  7.033953e+03 -3.942930e+02
131  7.034412e+03  1.143383e+03
132  7.034872e+03 -8.470234e+02
133  7.035331e+03  9.969492e+02
134  7.035791e+03 -8.307461e+02
135  7.036250e+03  4.419805e+02
136  7.036709e+03  1.123246e+03
137  7.037169e+03  1.070883e+03
138  7.037628e+03 -2.192852e+02
139  7.038087e+03  1.705129e+03
140  7.038547e+03 -1.067500e+02
141  7.039006e+03 -1.800391e+02
142  7.039466e+03  2.709141e+03
143  7.039925e+03  1.314281e+03
144  7.040385e+03  7.142461e+03
145  7.040844e+03  6.912227e+03
146  7.041304e+03  5.984844e+03
147  7.041763e+03  5.553500e+03
148  7.042223e+03  1.015780e+04
149  7.042682e+03  1.345790e+04
150  7.043142e+03  9.033523e+03
151  7.043601e+03  1.448170e+04
152  7.044060e+03  1.513170e+04
153  7.044520e+03  1.591705e+04
154  7.044979e+03  1.735464e+04
155  7.045438e+03  1.214505e+04
156  7.045898e+03  1.288536e+04
157  7.046357e+03  7.000250e+03
158  7.046817e+03  8.736281e+03
159  7.047276e+03  4.590000e+03
160  7.047736e+03  3.497063e+03
161  7.048195e+03  5.078078e+03
162  7.048655e+03  4.009266e+03
163  7.049114e+03 -5.265703e+03
164  7.049573e+03 -5.336844e+03
165  7.050033e+03 -4.124000e+03
166  7.050492e+03 -8.283656e+03
167  7.050952e+03 -6.320875e+03
168  7.051411e+03 -7.114875e+03
169  7.051871e+03 -9.606656e+03
170  7.052330e+03 -1.242641e+04
171  7.052790e+03 -7.972656e+03
172  7.053249e+03 -7.434250e+03
173  7.053708e+03 -7.340656e+03
174  7.054168e+03 -9.106906e+03
175  7.054627e+03 -1.186716e+04
176  7.055087e+03 -8.768313e+03
177  7.055546e+03 -1.597625e+04
178  7.056005e+03 -3.200888e+04
179  7.056465e+03 -5.374794e+04
180  7.056924e+03 -7.699563e+04
181  7.057384e+03 -9.894438e+04
182  7.057843e+03 -9.962013e+04
183  7.058303e+03 -8.025025e+04
184  7.058762e+03 -6.491175e+04
185  7.059222e+03  9.518125e+03
186  7.059681e+03  4.548613e+04
187  7.060141e+03  7.960494e+04
188  7.060600e+03  7.736656e+04
189  7.061060e+03  6.262006e+04
190  7.061519e+03  5.096956e+04
191  7.061978e+03  3.461822e+04
192  7.062438e+03  2.070541e+04
193  7.062897e+03  1.860892e+04
194  7.063356e+03  1.081000e+04
195  7.063816e+03  1.037523e+04
196  7.064275e+03  1.010116e+04
197  7.064735e+03  9.249133e+03
198  7.065194e+03  4.812969e+03
199  7.065654e+03  5.399367e+03
200  7.066113e+03  4.113543e+03
201  7.066573e+03  7.115156e+02
202  7.067032e+03  2.464840e+03
203  7.067491e+03  2.426094e+03
204  7.067951e+03  2.288230e+03
205  7.068410e+03  3.142547e+03
206  7.068870e+03  1.156816e+03
207  7.069329e+03  2.386563e+02
208  7.069789e+03 -7.365313e+02
209  7.070248e+03  1.280600e+03
210  7.070708e+03  2.488057e+03
211  7.071167e+03 -7.924043e+02
212  7.071626e+03 -1.025633e+03
213  7.072086e+03  1.783387e+03
214  7.072545e+03  1.877912e+03
215  7.073005e+03  1.367289e+03
216  7.073464e+03 -1.534570e+01
217  7.073923e+03 -8.884570e+01
218  7.074383e+03  7.114727e+02
219  7.074842e+03 -1.827266e+02
220  7.075302e+03 -6.124824e+02
221  7.075761e+03 -3.605127e+02
222  7.076221e+03  1.166420e+03
223  7.076680e+03 -1.858945e+02
224  7.077140e+03  5.720508e+01
225  7.077599e+03 -9.135664e+02
226  7.078059e+03 -1.004330e+03
227  7.078518e+03 -6.506543e+02
228  7.078978e+03 -3.012197e+02
229  7.079437e+03 -2.232715e+02
230  7.079896e+03 -4.692510e+02
231  7.080355e+03  8.870557e+02
232  7.080815e+03 -8.859395e+02
233  7.081274e+03 -8.492969e+02
234  7.081734e+03  5.212715e+02
235  7.082193e+03  1.033691e+01
236  7.082653e+03 -9.392822e+02
237  7.083112e+03  1.629141e+02
238  7.083572e+03 -3.984404e+02
239  7.084031e+03  1.033613e+02
240  7.084491e+03 -1.041885e+02
241  7.084950e+03  4.349375e+02
242  7.085410e+03 -3.001660e+02
243  7.085869e+03  4.359727e+02
244  7.086328e+03 -3.032109e+02
245  7.086788e+03 -1.800190e+02
246  7.087247e+03 -4.146021e+02
247  7.087707e+03 -9.910039e+02
248  7.088166e+03  8.585396e+02
249  7.088625e+03 -7.477861e+02
250  7.089085e+03  3.515024e+02
251  7.089544e+03 -1.081533e+02
252  7.090004e+03 -5.005981e+02
253  7.090463e+03  8.354683e+02
254  7.090923e+03 -7.665908e+02
255  7.091382e+03 -2.089785e+02
256  7.091841e+03 -1.953765e+02
257  7.092301e+03 -1.338198e+02
258  7.092760e+03 -5.030024e+02
259  7.093220e+03 -1.638569e+02
260  7.093679e+03 -6.419946e+02
261  7.094139e+03  5.310771e+02
262  7.094598e+03  6.062646e+01
263  7.095058e+03  4.605181e+02
264  7.095517e+03 -1.220410e+01
265  7.095977e+03 -2.243267e+02
266  7.096436e+03 -1.134900e+02
267  7.096896e+03  8.844724e+02
268  7.097355e+03  4.669434e+00
269  7.097814e+03  1.466926e+02
270  7.098273e+03  2.795215e+01
271  7.098733e+03 -5.263208e+02
272  7.099192e+03  0.000000e+00
273  7.099652e+03  0.000000e+00
274  7.100111e+03  0.000000e+00
275  7.100571e+03  0.000000e+00
276  7.101030e+03  0.000000e+00
277  7.101490e+03  0.000000e+00
278  7.101949e+03  0.000000e+00
279  7.102409e+03  0.000000e+00
280  7.102868e+03  0.000000e+00
281  7.103328e+03  0.000000e+00
282  7.103787e+03  0.000000e+00
283  7.104246e+03  0.000000e+00
284  7.104706e+03  0.000000e+00
285  7.105165e+03  0.000000e+00
286  7.105625e+03  0.000000e+00
287  7.106084e+03  0.000000e+00
288  7.106543e+03  0.000000e+00
289  7.107003e+03  0.000000e+00
290  7.107462e+03  0.000000e+00
291  7.107922e+03  0.000000e+00
292  7.108381e+03  0.000000e+00
293  7.108841e+03  0.000000e+00
294  7.109300e+03  0.000000e+00
295  7.109759e+03  0.000000e+00
296  7.110219e+03  0.000000e+00
297  7.110678e+03  0.000000e+00
298  7.111138e+03  0.000000e+00
299  7.111597e+03  0.000000e+00
300  7.112057e+03  0.000000e+00
301  7.112516e+03  0.000000e+00
302  7.112976e+03  0.000000e+00
303  7.113435e+03  0.000000e+00
304  7.113895e+03  0.000000e+00
305  7.114354e+03  0.000000e+00
306  7.114813e+03  0.000000e+00
307  7.115273e+03  0.000000e+00
308  7.115732e+03  0.000000e+00
309  7.116191e+03  0.000000e+00
310  7.116651e+03  0.000000e+00
311  7.117110e+03  0.000000e+00
312  7.117570e+03  0.000000e+00
313  7.118029e+03  0.000000e+00
314  7.118489e+03  0.000000e+00
315  7.118948e+03  0.000000e+00
316  7.119408e+03  0.000000e+00
317  7.119867e+03  0.000000e+00
318  7.120327e+03  0.000000e+00
319  7.120786e+03  0.000000e+00
320  7.121246e+03  0.000000e+00
321  7.121705e+03  0.000000e+00
322  7.122164e+03  0.000000e+00
323  7.122624e+03  0.000000e+00
324  7.123083e+03  0.000000e+00
325  7.123542e+03  0.000000e+00
326  7.124002e+03  0.000000e+00
327  7.124461e+03  0.000000e+00
328  7.124921e+03  0.000000e+00
329  7.125380e+03  0.000000e+00
330  7.125840e+03  0.000000e+00
331  7.126299e+03  0.000000e+00
332  7.126759e+03  0.000000e+00
333  7.127218e+03  0.000000e+00
334  7.127678e+03  0.000000e+00
335  7.128137e+03  0.000000e+00
336  7.128596e+03  0.000000e+00
337  7.129056e+03  0.000000e+00
338  7.129515e+03  0.000000e+00
339  7.129975e+03  0.000000e+00
340  7.130434e+03  0.000000e+00
341  7.130894e+03  0.000000e+00
342  7.131353e+03  0.000000e+00
343  7.131813e+03  0.000000e+00
344  7.132272e+03  0.000000e+00
345  7.132731e+03  0.000000e+00
346  7.133191e+03  0.000000e+00
347  7.133650e+03  0.000000e+00
348  7.134109e+03  0.000000e+00
349  7.134569e+03  0.000000e+00
350  7.135028e+03  0.000000e+00
351  7.135488e+03  0.000000e+00
352  7.135947e+03  0.000000e+00
353  7.136407e+03  0.000000e+00
354  7.136866e+03  0.000000e+00
355  7.137326e+03  0.000000e+00
356  7.137785e+03  0.000000e+00
357  7.138245e+03  0.000000e+00
358  7.138704e+03  0.000000e+00
359  7.139164e+03  0.000000e+00
360  7.139623e+03  0.000000e+00
361  7.140082e+03  0.000000e+00
362  7.140542e+03  0.000000e+00
363  7.141001e+03  0.000000e+00
364  7.141460e+03  0.000000e+00
365  7.141920e+03  0.000000e+00
366  7.142379e+03  0.000000e+00
367  7.142839e+03  0.000000e+00
368  7.143298e+03  0.000000e+00
369  7.143758e+03  0.000000e+00
370  7.144217e+03  0.000000e+00
371  7.144677e+03  0.000000e+00
372  7.145136e+03  0.000000e+00
373  7.145596e+03  0.000000e+00
374  7.146055e+03  0.000000e+00
375  7.146514e+03  0.000000e+00
376  7.146974e+03  0.000000e+00
377  7.147433e+03  0.000000e+00
378  7.147893e+03  0.000000e+00
379  7.148352e+03  0.000000e+00
380  7.148812e+03  0.000000e+00
381  7.149271e+03  0.000000e+00
382  7.149730e+03  0.000000e+00
383  7.150190e+03  0.000000e+00
384  7.150649e+03  0.000000e+00
385  7.151109e+03  0.000000e+00
386  7.151568e+03  0.000000e+00
387  7.152027e+03  0.000000e+00
388  7.152487e+03  0.000000e+00
389  7.152946e+03  0.000000e+00
390  7.153406e+03  0.000000e+00
391  7.153865e+03  0.000000e+00
392  7.154325e+03  0.000000e+00
393  7.154784e+03  0.000000e+00
394  7.155244e+03  0.000000e+00
395  7.155703e+03  0.000000e+00
396  7.156163e+03  0.000000e+00
397  7.156622e+03  0.000000e+00
398  7.157082e+03  0.000000e+00
399  7.157541e+03  0.000000e+00
400  7.158000e+03  0.000000e+00
401  7.158459e+03  0.000000e+00
402  7.158919e+03  0.000000e+00
403  7.159378e+03  0.000000e+00
404  7.159838e+03  0.000000e+00
405  7.160297e+03  0.000000e+00
406  7.160757e+03  0.000000e+00
407  7.161216e+03  0.000000e+00
408  7.161676e+03  0.000000e+00
409  7.162135e+03  0.000000e+00
410  7.162595e+03  0.000000e+00
411  7.163054e+03  0.000000e+00
412  7.163514e+03  0.000000e+00
413  7.163973e+03  0.000000e+00
414  7.164432e+03  0.000000e+00
415  7.164892e+03  0.000000e+00
416  7.165351e+03  0.000000e+00
417  7.165811e+03  0.000000e+00
418  7.166270e+03  0.000000e+00
419  7.166729e+03  0.000000e+00
