l[deg] R[kpc] R_err v_max[kms-1] v_max_err v_R[kms-1] M_R[M_sun], M_R_err
10 1.48 4.09 0.00 0.00 0.00 4.09 0.00 0.01
20 2.91 4.00 70.70 14.50 70.70 15.04 3403671780.60 4669387.18
30 4.25 3.84 89.23 16.67 89.23 17.11 7918201939.05 7208591.81
40 5.46 3.61 71.20 5.38 71.20 6.48 6476919321.60 2766314.00
50 6.51 3.31 69.26 4.07 69.26 5.25 7307382156.98 2412382.31
60 7.36 2.92 30.67 3.87 30.67 4.85 1620023161.54 1576330.27
70 7.99 2.41 19.89 1.01 19.89 2.61 739660118.89 713011.61
80 8.37 1.72 30.95 11.00 30.95 11.13 1876128678.45 3876712.05
90 8.50 0.00 15.85 3.83 15.85 3.83 499681552.50 961713.69
