# Detector:    LPD
# DateCreated: 2026-09-02T10:57:32

0    0.000000e+00  1.211984e+12
1    6.484231e-03  1.210511e+12
2    1.296846e-02  1.209132e+12
3    1.945269e-02  1.207849e+12
4    2.593693e-02  1.206657e+12
5    3.242116e-02  1.205560e+12
6    3.890539e-02  1.204557e+12
7    4.538962e-02  1.203647e+12
8    5.187385e-02  1.202829e+12
9    5.835808e-02  1.202108e+12
10   6.484231e-02  1.201478e+12
11   7.132655e-02  1.200942e+12
12   7.781078e-02  1.200500e+12
13   8.429501e-02  1.200150e+12
14   9.077924e-02  1.199894e+12
15   9.726347e-02  1.199731e+12
16   1.037477e-01  1.199661e+12
17   1.102319e-01  1.199686e+12
18   1.167162e-01  1.199802e+12
19   1.232004e-01  1.200012e+12
20   1.296846e-01  1.200313e+12
21   1.361689e-01  1.200708e+12
22   1.426531e-01  1.201197e+12
23   1.491373e-01  1.201777e+12
24   1.556216e-01  1.202450e+12
25   1.621058e-01  1.203214e+12
26   1.685900e-01  1.204071e+12
27   1.750742e-01  1.205020e+12
28   1.815585e-01  1.206060e+12
29   1.880427e-01  1.207193e+12
30   1.945269e-01  1.208415e+12
31   2.010112e-01  1.209730e+12
32   2.074954e-01  1.211136e+12
33   2.139796e-01  1.212635e+12
34   2.204639e-01  1.214221e+12
35   2.269481e-01  1.215900e+12
36   2.334323e-01  1.217669e+12
37   2.399166e-01  1.219528e+12
38   2.464008e-01  1.221477e+12
39   2.528850e-01  1.223516e+12
40   2.593693e-01  1.225645e+12
41   2.658535e-01  1.227861e+12
42   2.723377e-01  1.230167e+12
43   2.788219e-01  1.232563e+12
44   2.853062e-01  1.235047e+12
45   2.917904e-01  1.237618e+12
46   2.982746e-01  1.240278e+12
47   3.047589e-01  1.243023e+12
48   3.112431e-01  1.245858e+12
49   3.177273e-01  1.248779e+12
50   3.242116e-01  1.251787e+12
51   3.306958e-01  1.254881e+12
52   3.371800e-01  1.258061e+12
53   3.436643e-01  1.261327e+12
54   3.501485e-01  1.264678e+12
55   3.566327e-01  1.268112e+12
56   3.631169e-01  1.271634e+12
57   3.696012e-01  1.275237e+12
58   3.760854e-01  1.278924e+12
59   3.825696e-01  1.282696e+12
60   3.890539e-01  1.286550e+12
61   3.955381e-01  1.290486e+12
62   4.020224e-01  1.294505e+12
63   4.085066e-01  1.298604e+12
64   4.149908e-01  1.302786e+12
65   4.214751e-01  1.307049e+12
66   4.279593e-01  1.311390e+12
67   4.344435e-01  1.315811e+12
68   4.409277e-01  1.320311e+12
69   4.474120e-01  1.324888e+12
70   4.538962e-01  1.329545e+12
71   4.603804e-01  1.334282e+12
72   4.668647e-01  1.339093e+12
73   4.733489e-01  1.343981e+12
74   4.798331e-01  1.348943e+12
75   4.863174e-01  1.353983e+12
76   4.928016e-01  1.359098e+12
77   4.992858e-01  1.364285e+12
78   5.057700e-01  1.369546e+12
79   5.122543e-01  1.374881e+12
80   5.187385e-01  1.380287e+12
81   5.252227e-01  1.385765e+12
82   5.317070e-01  1.391314e+12
83   5.381912e-01  1.396932e+12
84   5.446755e-01  1.402622e+12
85   5.511597e-01  1.408380e+12
86   5.576439e-01  1.414205e+12
87   5.641282e-01  1.420099e+12
88   5.706124e-01  1.426059e+12
89   5.770966e-01  1.432085e+12
90   5.835809e-01  1.438177e+12
91   5.900651e-01  1.444332e+12
92   5.965493e-01  1.450551e+12
93   6.030335e-01  1.456834e+12
94   6.095178e-01  1.463180e+12
95   6.160020e-01  1.469587e+12
96   6.224862e-01  1.476053e+12
97   6.289704e-01  1.482579e+12
98   6.354547e-01  1.489165e+12
99   6.419389e-01  1.495810e+12
100  6.484231e-01  1.502510e+12
101  6.549074e-01  1.509267e+12
102  6.613916e-01  1.516079e+12
103  6.678758e-01  1.522948e+12
104  6.743601e-01  1.529869e+12
105  6.808443e-01  1.536841e+12
106  6.873285e-01  1.543868e+12
107  6.938128e-01  1.550943e+12
108  7.002970e-01  1.558070e+12
109  7.067812e-01  1.565246e+12
110  7.132655e-01  1.572469e+12
111  7.197497e-01  1.579741e+12
112  7.262339e-01  1.587058e+12
113  7.327182e-01  1.594419e+12
114  7.392024e-01  1.601826e+12
115  7.456866e-01  1.609276e+12
116  7.521709e-01  1.616768e+12
117  7.586551e-01  1.624299e+12
118  7.651393e-01  1.631871e+12
119  7.716236e-01  1.639483e+12
120  7.781078e-01  1.647133e+12
121  7.845920e-01  1.654819e+12
122  7.910762e-01  1.662539e+12
123  7.975605e-01  1.670296e+12
124  8.040447e-01  1.678086e+12
125  8.105289e-01  1.685908e+12
126  8.170131e-01  1.693763e+12
127  8.234974e-01  1.701646e+12
128  8.299816e-01  1.709559e+12
129  8.364658e-01  1.717499e+12
130  8.429501e-01  1.725468e+12
131  8.494343e-01  1.733461e+12
132  8.559185e-01  1.741479e+12
133  8.624028e-01  1.749520e+12
134  8.688870e-01  1.757583e+12
135  8.753712e-01  1.765666e+12
136  8.818555e-01  1.773771e+12
137  8.883397e-01  1.781892e+12
138  8.948240e-01  1.790029e+12
139  9.013082e-01  1.798185e+12
140  9.077924e-01  1.806354e+12
141  9.142767e-01  1.814537e+12
142  9.207609e-01  1.822735e+12
143  9.272451e-01  1.830940e+12
144  9.337294e-01  1.839157e+12
145  9.402136e-01  1.847381e+12
146  9.466978e-01  1.855613e+12
147  9.531820e-01  1.863852e+12
148  9.596663e-01  1.872096e+12
149  9.661505e-01  1.880342e+12
150  9.726347e-01  1.888590e+12
151  9.791189e-01  1.896839e+12
152  9.856032e-01  1.905089e+12
153  9.920874e-01  1.913336e+12
154  9.985716e-01  1.921579e+12
155  1.005056e+00  1.929818e+12
156  1.011540e+00  1.938052e+12
157  1.018024e+00  1.946278e+12
158  1.024509e+00  1.954498e+12
159  1.030993e+00  1.962706e+12
160  1.037477e+00  1.970906e+12
161  1.043961e+00  1.979089e+12
162  1.050445e+00  1.987262e+12
163  1.056930e+00  1.995418e+12
164  1.063414e+00  2.003559e+12
165  1.069898e+00  2.011682e+12
166  1.076382e+00  2.019785e+12
167  1.082867e+00  2.027870e+12
168  1.089351e+00  2.035931e+12
169  1.095835e+00  2.043970e+12
170  1.102319e+00  2.051982e+12
171  1.108804e+00  2.059971e+12
172  1.115288e+00  2.067932e+12
173  1.121772e+00  2.075865e+12
174  1.128256e+00  2.083769e+12
175  1.134740e+00  2.091640e+12
176  1.141225e+00  2.099479e+12
177  1.147709e+00  2.107286e+12
178  1.154193e+00  2.115055e+12
179  1.160677e+00  2.122789e+12
180  1.167162e+00  2.130485e+12
181  1.173646e+00  2.138141e+12
182  1.180130e+00  2.145757e+12
183  1.186614e+00  2.153333e+12
184  1.193099e+00  2.160864e+12
185  1.199583e+00  2.168351e+12
186  1.206067e+00  2.175792e+12
187  1.212551e+00  2.183184e+12
188  1.219036e+00  2.190531e+12
189  1.225520e+00  2.197824e+12
190  1.232004e+00  2.205071e+12
191  1.238488e+00  2.212262e+12
192  1.244972e+00  2.219401e+12
193  1.251457e+00  2.226485e+12
194  1.257941e+00  2.233511e+12
195  1.264425e+00  2.240483e+12
196  1.270909e+00  2.247393e+12
197  1.277394e+00  2.254244e+12
198  1.283878e+00  2.261033e+12
199  1.290362e+00  2.267759e+12
200  1.296846e+00  2.274422e+12
201  1.303331e+00  2.281021e+12
202  1.309815e+00  2.287555e+12
203  1.316299e+00  2.294019e+12
204  1.322783e+00  2.300414e+12
205  1.329268e+00  2.306739e+12
206  1.335752e+00  2.312994e+12
207  1.342236e+00  2.319176e+12
208  1.348720e+00  2.325286e+12
209  1.355204e+00  2.331321e+12
210  1.361689e+00  2.337279e+12
211  1.368173e+00  2.343161e+12
212  1.374657e+00  2.348966e+12
213  1.381141e+00  2.354690e+12
214  1.387626e+00  2.360334e+12
215  1.394110e+00  2.365899e+12
216  1.400594e+00  2.371377e+12
217  1.407078e+00  2.376775e+12
218  1.413562e+00  2.382088e+12
219  1.420047e+00  2.387314e+12
220  1.426531e+00  2.392453e+12
221  1.433015e+00  2.397506e+12
222  1.439499e+00  2.402471e+12
223  1.445984e+00  2.407342e+12
224  1.452468e+00  2.412127e+12
225  1.458952e+00  2.416816e+12
226  1.465436e+00  2.421416e+12
227  1.471920e+00  2.425919e+12
228  1.478405e+00  2.430329e+12
229  1.484889e+00  2.434646e+12
230  1.491373e+00  2.438861e+12
231  1.497857e+00  2.442982e+12
232  1.504342e+00  2.447006e+12
233  1.510826e+00  2.450929e+12
234  1.517310e+00  2.454753e+12
235  1.523794e+00  2.458475e+12
236  1.530279e+00  2.462096e+12
237  1.536763e+00  2.465617e+12
238  1.543247e+00  2.469030e+12
239  1.549731e+00  2.472344e+12
240  1.556216e+00  2.475551e+12
241  1.562700e+00  2.478651e+12
242  1.569184e+00  2.481649e+12
243  1.575668e+00  2.484535e+12
244  1.582152e+00  2.487316e+12
245  1.588637e+00  2.489992e+12
246  1.595121e+00  2.492555e+12
247  1.601605e+00  2.495010e+12
248  1.608089e+00  2.497354e+12
249  1.614574e+00  2.499588e+12
250  1.621058e+00  2.501712e+12
251  1.627542e+00  2.503723e+12
252  1.634026e+00  2.505620e+12
253  1.640511e+00  2.507409e+12
254  1.646995e+00  2.509080e+12
255  1.653479e+00  2.510640e+12
256  1.659963e+00  2.512082e+12
257  1.666448e+00  2.513414e+12
258  1.672932e+00  2.514627e+12
259  1.679416e+00  2.515725e+12
260  1.685900e+00  2.516710e+12
261  1.692384e+00  2.517575e+12
262  1.698869e+00  2.518325e+12
263  1.705353e+00  2.518960e+12
264  1.711837e+00  2.519476e+12
265  1.718321e+00  2.519874e+12
266  1.724806e+00  2.520153e+12
267  1.731290e+00  2.520314e+12
268  1.737774e+00  2.520359e+12
269  1.744258e+00  2.520284e+12
270  1.750742e+00  2.520089e+12
271  1.757227e+00  2.519777e+12
272  1.763711e+00  2.519346e+12
273  1.770195e+00  2.518794e+12
274  1.776679e+00  2.518126e+12
275  1.783164e+00  2.517335e+12
276  1.789648e+00  2.516424e+12
277  1.796132e+00  2.515396e+12
278  1.802616e+00  2.514247e+12
279  1.809101e+00  2.512980e+12
280  1.815585e+00  2.511591e+12
281  1.822069e+00  2.510086e+12
282  1.828553e+00  2.508459e+12
283  1.835037e+00  2.506711e+12
284  1.841522e+00  2.504846e+12
285  1.848006e+00  2.502862e+12
286  1.854490e+00  2.500758e+12
287  1.860974e+00  2.498535e+12
288  1.867459e+00  2.496192e+12
289  1.873943e+00  2.493731e+12
290  1.880427e+00  2.491153e+12
291  1.886911e+00  2.488456e+12
292  1.893396e+00  2.485643e+12
293  1.899880e+00  2.482708e+12
294  1.906364e+00  2.479659e+12
295  1.912848e+00  2.476492e+12
296  1.919333e+00  2.473207e+12
297  1.925817e+00  2.469806e+12
298  1.932301e+00  2.466292e+12
299  1.938785e+00  2.462660e+12
300  1.945269e+00  2.458912e+12
301  1.951754e+00  2.455052e+12
302  1.958238e+00  2.451073e+12
303  1.964722e+00  2.446984e+12
304  1.971206e+00  2.442779e+12
305  1.977691e+00  2.438464e+12
306  1.984175e+00  2.434032e+12
307  1.990659e+00  2.429492e+12
308  1.997143e+00  2.424838e+12
309  2.003628e+00  2.420076e+12
310  2.010112e+00  2.415202e+12
311  2.016596e+00  2.410219e+12
312  2.023080e+00  2.405126e+12
313  2.029564e+00  2.399926e+12
314  2.036049e+00  2.394617e+12
315  2.042533e+00  2.389204e+12
316  2.049017e+00  2.383682e+12
317  2.055501e+00  2.378053e+12
318  2.061985e+00  2.372320e+12
319  2.068470e+00  2.366483e+12
320  2.074954e+00  2.360542e+12
321  2.081438e+00  2.354502e+12
322  2.087923e+00  2.348356e+12
323  2.094407e+00  2.342110e+12
324  2.100891e+00  2.335764e+12
325  2.107375e+00  2.329318e+12
326  2.113859e+00  2.322774e+12
327  2.120344e+00  2.316132e+12
328  2.126828e+00  2.309394e+12
329  2.133312e+00  2.302558e+12
330  2.139796e+00  2.295629e+12
331  2.146281e+00  2.288605e+12
332  2.152765e+00  2.281488e+12
333  2.159249e+00  2.274277e+12
334  2.165733e+00  2.266975e+12
335  2.172218e+00  2.259585e+12
336  2.178702e+00  2.252102e+12
337  2.185186e+00  2.244535e+12
338  2.191670e+00  2.236877e+12
339  2.198154e+00  2.229134e+12
340  2.204639e+00  2.221304e+12
341  2.211123e+00  2.213389e+12
342  2.217607e+00  2.205393e+12
343  2.224091e+00  2.197316e+12
344  2.230576e+00  2.189155e+12
345  2.237060e+00  2.180914e+12
346  2.243544e+00  2.172595e+12
347  2.250028e+00  2.164199e+12
348  2.256513e+00  2.155726e+12
349  2.262997e+00  2.147176e+12
350  2.269481e+00  2.138552e+12
351  2.275965e+00  2.129854e+12
352  2.282449e+00  2.121084e+12
353  2.288934e+00  2.112241e+12
354  2.295418e+00  2.103332e+12
355  2.301902e+00  2.094350e+12
356  2.308386e+00  2.085303e+12
357  2.314871e+00  2.076188e+12
358  2.321355e+00  2.067009e+12
359  2.327839e+00  2.057766e+12
360  2.334323e+00  2.048461e+12
361  2.340807e+00  2.039092e+12
362  2.347292e+00  2.029661e+12
363  2.353776e+00  2.020176e+12
364  2.360260e+00  2.010629e+12
365  2.366745e+00  2.001027e+12
366  2.373229e+00  1.991368e+12
367  2.379713e+00  1.981656e+12
368  2.386197e+00  1.971890e+12
369  2.392681e+00  1.962070e+12
370  2.399166e+00  1.952203e+12
371  2.405650e+00  1.942285e+12
372  2.412134e+00  1.932320e+12
373  2.418618e+00  1.922306e+12
374  2.425102e+00  1.912246e+12
375  2.431587e+00  1.902145e+12
376  2.438071e+00  1.891998e+12
377  2.444555e+00  1.881811e+12
378  2.451040e+00  1.871583e+12
379  2.457524e+00  1.861315e+12
380  2.464008e+00  1.851008e+12
381  2.470492e+00  1.840665e+12
382  2.476976e+00  1.830286e+12
383  2.483461e+00  1.819874e+12
384  2.489945e+00  1.809430e+12
385  2.496429e+00  1.798953e+12
386  2.502913e+00  1.788446e+12
387  2.509398e+00  1.777908e+12
388  2.515882e+00  1.767343e+12
389  2.522366e+00  1.756751e+12
390  2.528850e+00  1.746135e+12
391  2.535335e+00  1.735493e+12
392  2.541819e+00  1.724828e+12
393  2.548303e+00  1.714142e+12
394  2.554787e+00  1.703437e+12
395  2.561271e+00  1.692710e+12
396  2.567756e+00  1.681968e+12
397  2.574240e+00  1.671207e+12
398  2.580724e+00  1.660430e+12
399  2.587208e+00  1.649642e+12
400  2.593693e+00  1.638839e+12
401  2.600177e+00  1.628024e+12
402  2.606661e+00  1.617198e+12
403  2.613145e+00  1.606363e+12
404  2.619630e+00  1.595519e+12
405  2.626114e+00  1.584669e+12
406  2.632598e+00  1.573811e+12
407  2.639082e+00  1.562951e+12
408  2.645566e+00  1.552087e+12
409  2.652051e+00  1.541219e+12
410  2.658535e+00  1.530353e+12
411  2.665019e+00  1.519485e+12
412  2.671503e+00  1.508619e+12
413  2.677988e+00  1.497754e+12
414  2.684472e+00  1.486892e+12
415  2.690956e+00  1.476036e+12
416  2.697440e+00  1.465185e+12
417  2.703924e+00  1.454342e+12
418  2.710409e+00  1.443506e+12
419  2.716893e+00  1.432679e+12
