# Detector:    LPD
# DateCreated: 2026-09-02T10:54:50

0    0.000000e+00  5.190908e+11
1    6.484290e-03  5.184594e+11
2    1.296858e-02  5.178692e+11
3    1.945287e-02  5.173193e+11
4    2.593716e-02  5.168087e+11
5    3.242145e-02  5.163390e+11
6    3.890574e-02  5.159090e+11
7    4.539003e-02  5.155195e+11
8    5.187432e-02  5.151690e+11
9    5.835861e-02  5.148605e+11
10   6.484289e-02  5.145900e+11
11   7.132719e-02  5.143604e+11
12   7.781148e-02  5.141708e+11
13   8.429576e-02  5.140217e+11
14   9.078006e-02  5.139128e+11
15   9.726434e-02  5.138421e+11
16   1.037486e-01  5.138132e+11
17   1.102329e-01  5.138227e+11
18   1.167172e-01  5.138734e+11
19   1.232015e-01  5.139622e+11
20   1.296858e-01  5.140921e+11
21   1.361701e-01  5.142617e+11
22   1.426544e-01  5.144705e+11
23   1.491387e-01  5.147185e+11
24   1.556230e-01  5.150069e+11
25   1.621072e-01  5.153347e+11
26   1.685915e-01  5.157005e+11
27   1.750758e-01  5.161073e+11
28   1.815601e-01  5.165530e+11
29   1.880444e-01  5.170379e+11
30   1.945287e-01  5.175618e+11
31   2.010130e-01  5.181246e+11
32   2.074973e-01  5.187279e+11
33   2.139816e-01  5.193683e+11
34   2.204659e-01  5.200485e+11
35   2.269501e-01  5.207672e+11
36   2.334344e-01  5.215261e+11
37   2.399187e-01  5.223211e+11
38   2.464030e-01  5.231561e+11
39   2.528873e-01  5.240304e+11
40   2.593716e-01  5.249415e+11
41   2.658559e-01  5.258909e+11
42   2.723402e-01  5.268782e+11
43   2.788244e-01  5.279051e+11
44   2.853087e-01  5.289680e+11
45   2.917930e-01  5.300691e+11
46   2.982773e-01  5.312089e+11
47   3.047616e-01  5.323852e+11
48   3.112459e-01  5.335991e+11
49   3.177302e-01  5.348502e+11
50   3.242145e-01  5.361390e+11
51   3.306988e-01  5.374638e+11
52   3.371831e-01  5.388258e+11
53   3.436674e-01  5.402240e+11
54   3.501516e-01  5.416593e+11
55   3.566359e-01  5.431313e+11
56   3.631202e-01  5.446388e+11
57   3.696045e-01  5.461827e+11
58   3.760888e-01  5.477623e+11
59   3.825731e-01  5.493763e+11
60   3.890574e-01  5.510284e+11
61   3.955417e-01  5.527142e+11
62   4.020260e-01  5.544351e+11
63   4.085102e-01  5.561914e+11
64   4.149945e-01  5.579821e+11
65   4.214788e-01  5.598075e+11
66   4.279631e-01  5.616663e+11
67   4.344474e-01  5.635593e+11
68   4.409317e-01  5.654879e+11
69   4.474160e-01  5.674480e+11
70   4.539003e-01  5.694437e+11
71   4.603846e-01  5.714712e+11
72   4.668688e-01  5.735314e+11
73   4.733531e-01  5.756260e+11
74   4.798374e-01  5.777514e+11
75   4.863217e-01  5.799102e+11
76   4.928060e-01  5.820991e+11
77   4.992903e-01  5.843218e+11
78   5.057746e-01  5.865760e+11
79   5.122589e-01  5.888604e+11
80   5.187432e-01  5.911752e+11
81   5.252275e-01  5.935220e+11
82   5.317118e-01  5.958987e+11
83   5.381960e-01  5.983056e+11
84   5.446804e-01  6.007420e+11
85   5.511646e-01  6.032084e+11
86   5.576489e-01  6.057039e+11
87   5.641332e-01  6.082265e+11
88   5.706175e-01  6.107799e+11
89   5.771018e-01  6.133613e+11
90   5.835861e-01  6.159696e+11
91   5.900704e-01  6.186064e+11
92   5.965546e-01  6.212707e+11
93   6.030390e-01  6.239610e+11
94   6.095232e-01  6.266792e+11
95   6.160075e-01  6.294235e+11
96   6.224918e-01  6.321932e+11
97   6.289761e-01  6.349872e+11
98   6.354604e-01  6.378080e+11
99   6.419446e-01  6.406539e+11
100  6.484290e-01  6.435246e+11
101  6.549132e-01  6.464189e+11
102  6.613975e-01  6.493364e+11
103  6.678818e-01  6.522771e+11
104  6.743661e-01  6.552427e+11
105  6.808504e-01  6.582293e+11
106  6.873347e-01  6.612374e+11
107  6.938190e-01  6.642688e+11
108  7.003033e-01  6.673206e+11
109  7.067876e-01  6.703948e+11
110  7.132719e-01  6.734886e+11
111  7.197561e-01  6.766024e+11
112  7.262405e-01  6.797370e+11
113  7.327247e-01  6.828906e+11
114  7.392090e-01  6.860620e+11
115  7.456933e-01  6.892529e+11
116  7.521776e-01  6.924611e+11
117  7.586619e-01  6.956876e+11
118  7.651462e-01  6.989302e+11
119  7.716305e-01  7.021897e+11
120  7.781147e-01  7.054660e+11
121  7.845991e-01  7.087583e+11
122  7.910833e-01  7.120654e+11
123  7.975676e-01  7.153882e+11
124  8.040519e-01  7.187241e+11
125  8.105362e-01  7.220756e+11
126  8.170205e-01  7.254384e+11
127  8.235048e-01  7.288162e+11
128  8.299891e-01  7.322053e+11
129  8.364733e-01  7.356059e+11
130  8.429577e-01  7.390184e+11
131  8.494419e-01  7.424410e+11
132  8.559262e-01  7.458758e+11
133  8.624105e-01  7.493189e+11
134  8.688948e-01  7.527726e+11
135  8.753791e-01  7.562357e+11
136  8.818634e-01  7.597066e+11
137  8.883477e-01  7.631840e+11
138  8.948320e-01  7.666699e+11
139  9.013163e-01  7.701639e+11
140  9.078006e-01  7.736626e+11
141  9.142848e-01  7.771667e+11
142  9.207692e-01  7.806784e+11
143  9.272534e-01  7.841931e+11
144  9.337377e-01  7.877119e+11
145  9.402220e-01  7.912338e+11
146  9.467063e-01  7.947600e+11
147  9.531906e-01  7.982886e+11
148  9.596749e-01  8.018187e+11
149  9.661592e-01  8.053512e+11
150  9.726434e-01  8.088847e+11
151  9.791278e-01  8.124174e+11
152  9.856120e-01  8.159501e+11
153  9.920963e-01  8.194819e+11
154  9.985806e-01  8.230134e+11
155  1.005065e+00  8.265428e+11
156  1.011549e+00  8.300684e+11
157  1.018034e+00  8.335933e+11
158  1.024518e+00  8.371133e+11
159  1.031002e+00  8.406284e+11
160  1.037486e+00  8.441394e+11
161  1.043971e+00  8.476444e+11
162  1.050455e+00  8.511444e+11
163  1.056939e+00  8.546377e+11
164  1.063424e+00  8.581250e+11
165  1.069908e+00  8.616034e+11
166  1.076392e+00  8.650742e+11
167  1.082876e+00  8.685367e+11
168  1.089361e+00  8.719889e+11
169  1.095845e+00  8.754317e+11
170  1.102329e+00  8.788651e+11
171  1.108814e+00  8.822866e+11
172  1.115298e+00  8.856960e+11
173  1.121782e+00  8.890940e+11
174  1.128266e+00  8.924788e+11
175  1.134751e+00  8.958510e+11
176  1.141235e+00  8.992076e+11
177  1.147719e+00  9.025505e+11
178  1.154204e+00  9.058790e+11
179  1.160688e+00  9.091905e+11
180  1.167172e+00  9.124873e+11
181  1.173656e+00  9.157662e+11
182  1.180141e+00  9.190284e+11
183  1.186625e+00  9.222732e+11
184  1.193109e+00  9.254981e+11
185  1.199594e+00  9.287050e+11
186  1.206078e+00  9.318914e+11
187  1.212562e+00  9.350587e+11
188  1.219046e+00  9.382041e+11
189  1.225531e+00  9.413287e+11
190  1.232015e+00  9.444327e+11
191  1.238499e+00  9.475127e+11
192  1.244984e+00  9.505703e+11
193  1.251468e+00  9.536046e+11
194  1.257952e+00  9.566140e+11
195  1.264436e+00  9.595991e+11
196  1.270921e+00  9.625588e+11
197  1.277405e+00  9.654935e+11
198  1.283889e+00  9.684012e+11
199  1.290374e+00  9.712819e+11
200  1.296858e+00  9.741360e+11
201  1.303342e+00  9.769625e+11
202  1.309826e+00  9.797592e+11
203  1.316311e+00  9.825274e+11
204  1.322795e+00  9.852674e+11
205  1.329279e+00  9.879777e+11
206  1.335764e+00  9.906553e+11
207  1.342248e+00  9.933027e+11
208  1.348732e+00  9.959209e+11
209  1.355217e+00  9.985039e+11
210  1.361701e+00  1.001056e+12
211  1.368185e+00  1.003576e+12
212  1.374669e+00  1.006063e+12
213  1.381154e+00  1.008515e+12
214  1.387638e+00  1.010932e+12
215  1.394122e+00  1.013314e+12
216  1.400607e+00  1.015661e+12
217  1.407091e+00  1.017972e+12
218  1.413575e+00  1.020248e+12
219  1.420059e+00  1.022485e+12
220  1.426544e+00  1.024687e+12
221  1.433028e+00  1.026852e+12
222  1.439512e+00  1.028977e+12
223  1.445997e+00  1.031065e+12
224  1.452481e+00  1.033113e+12
225  1.458965e+00  1.035121e+12
226  1.465449e+00  1.037092e+12
227  1.471934e+00  1.039020e+12
228  1.478418e+00  1.040909e+12
229  1.484902e+00  1.042756e+12
230  1.491387e+00  1.044564e+12
231  1.497871e+00  1.046329e+12
232  1.504355e+00  1.048051e+12
233  1.510839e+00  1.049730e+12
234  1.517324e+00  1.051368e+12
235  1.523808e+00  1.052962e+12
236  1.530292e+00  1.054513e+12
237  1.536777e+00  1.056021e+12
238  1.543261e+00  1.057484e+12
239  1.549745e+00  1.058902e+12
240  1.556229e+00  1.060276e+12
241  1.562714e+00  1.061604e+12
242  1.569198e+00  1.062887e+12
243  1.575682e+00  1.064123e+12
244  1.582167e+00  1.065315e+12
245  1.588651e+00  1.066460e+12
246  1.595135e+00  1.067557e+12
247  1.601620e+00  1.068610e+12
248  1.608104e+00  1.069614e+12
249  1.614588e+00  1.070570e+12
250  1.621072e+00  1.071480e+12
251  1.627557e+00  1.072342e+12
252  1.634041e+00  1.073154e+12
253  1.640525e+00  1.073918e+12
254  1.647010e+00  1.074634e+12
255  1.653494e+00  1.075303e+12
256  1.659978e+00  1.075921e+12
257  1.666462e+00  1.076490e+12
258  1.672947e+00  1.077012e+12
259  1.679431e+00  1.077482e+12
260  1.685915e+00  1.077902e+12
261  1.692400e+00  1.078273e+12
262  1.698884e+00  1.078595e+12
263  1.705368e+00  1.078865e+12
264  1.711852e+00  1.079085e+12
265  1.718337e+00  1.079256e+12
266  1.724821e+00  1.079377e+12
267  1.731305e+00  1.079445e+12
268  1.737790e+00  1.079464e+12
269  1.744274e+00  1.079433e+12
270  1.750758e+00  1.079350e+12
271  1.757242e+00  1.079216e+12
272  1.763727e+00  1.079030e+12
273  1.770211e+00  1.078793e+12
274  1.776695e+00  1.078506e+12
275  1.783180e+00  1.078168e+12
276  1.789664e+00  1.077779e+12
277  1.796148e+00  1.077337e+12
278  1.802633e+00  1.076846e+12
279  1.809117e+00  1.076302e+12
280  1.815601e+00  1.075709e+12
281  1.822085e+00  1.075062e+12
282  1.828570e+00  1.074366e+12
283  1.835054e+00  1.073617e+12
284  1.841538e+00  1.072817e+12
285  1.848023e+00  1.071968e+12
286  1.854507e+00  1.071066e+12
287  1.860991e+00  1.070114e+12
288  1.867475e+00  1.069112e+12
289  1.873960e+00  1.068057e+12
290  1.880444e+00  1.066953e+12
291  1.886928e+00  1.065798e+12
292  1.893413e+00  1.064591e+12
293  1.899897e+00  1.063336e+12
294  1.906381e+00  1.062030e+12
295  1.912865e+00  1.060673e+12
296  1.919350e+00  1.059267e+12
297  1.925834e+00  1.057810e+12
298  1.932318e+00  1.056304e+12
299  1.938803e+00  1.054747e+12
300  1.945287e+00  1.053142e+12
301  1.951771e+00  1.051488e+12
302  1.958256e+00  1.049786e+12
303  1.964740e+00  1.048033e+12
304  1.971224e+00  1.046233e+12
305  1.977708e+00  1.044384e+12
306  1.984193e+00  1.042486e+12
307  1.990677e+00  1.040541e+12
308  1.997161e+00  1.038548e+12
309  2.003645e+00  1.036508e+12
310  2.010130e+00  1.034420e+12
311  2.016614e+00  1.032285e+12
312  2.023098e+00  1.030105e+12
313  2.029583e+00  1.027878e+12
314  2.036067e+00  1.025603e+12
315  2.042551e+00  1.023284e+12
316  2.049036e+00  1.020918e+12
317  2.055520e+00  1.018509e+12
318  2.062004e+00  1.016053e+12
319  2.068488e+00  1.013553e+12
320  2.074973e+00  1.011008e+12
321  2.081457e+00  1.008420e+12
322  2.087941e+00  1.005788e+12
323  2.094425e+00  1.003113e+12
324  2.100910e+00  1.000394e+12
325  2.107394e+00  9.976351e+11
326  2.113878e+00  9.948314e+11
327  2.120363e+00  9.919857e+11
328  2.126847e+00  9.891000e+11
329  2.133331e+00  9.861726e+11
330  2.139816e+00  9.832035e+11
331  2.146300e+00  9.801960e+11
332  2.152784e+00  9.771471e+11
333  2.159268e+00  9.740589e+11
334  2.165753e+00  9.709311e+11
335  2.172237e+00  9.677651e+11
336  2.178721e+00  9.645619e+11
337  2.185206e+00  9.613194e+11
338  2.191690e+00  9.580399e+11
339  2.198174e+00  9.547218e+11
340  2.204659e+00  9.513702e+11
341  2.211143e+00  9.479798e+11
342  2.217627e+00  9.445546e+11
343  2.224111e+00  9.410956e+11
344  2.230596e+00  9.375995e+11
345  2.237080e+00  9.340700e+11
346  2.243564e+00  9.305082e+11
347  2.250048e+00  9.269109e+11
348  2.256533e+00  9.232817e+11
349  2.263017e+00  9.196198e+11
350  2.269501e+00  9.159254e+11
351  2.275986e+00  9.121996e+11
352  2.282470e+00  9.084444e+11
353  2.288954e+00  9.046567e+11
354  2.295439e+00  9.008395e+11
355  2.301923e+00  8.969944e+11
356  2.308407e+00  8.931183e+11
357  2.314891e+00  8.892150e+11
358  2.321376e+00  8.852826e+11
359  2.327860e+00  8.813243e+11
360  2.334344e+00  8.773377e+11
361  2.340829e+00  8.733259e+11
362  2.347313e+00  8.692864e+11
363  2.353797e+00  8.652226e+11
364  2.360281e+00  8.611345e+11
365  2.366766e+00  8.570218e+11
366  2.373250e+00  8.528843e+11
367  2.379734e+00  8.487250e+11
368  2.386219e+00  8.445414e+11
369  2.392703e+00  8.403369e+11
370  2.399187e+00  8.361105e+11
371  2.405671e+00  8.318619e+11
372  2.412156e+00  8.275942e+11
373  2.418640e+00  8.233062e+11
374  2.425124e+00  8.189980e+11
375  2.431609e+00  8.146693e+11
376  2.438093e+00  8.103250e+11
377  2.444577e+00  8.059599e+11
378  2.451061e+00  8.015795e+11
379  2.457546e+00  7.971829e+11
380  2.464030e+00  7.927683e+11
381  2.470514e+00  7.883380e+11
382  2.476999e+00  7.838930e+11
383  2.483483e+00  7.794340e+11
384  2.489967e+00  7.749589e+11
385  2.496452e+00  7.704728e+11
386  2.502936e+00  7.659711e+11
387  2.509420e+00  7.614579e+11
388  2.515904e+00  7.569333e+11
389  2.522389e+00  7.523979e+11
390  2.528873e+00  7.478501e+11
391  2.535357e+00  7.432928e+11
392  2.541842e+00  7.387251e+11
393  2.548326e+00  7.341488e+11
394  2.554810e+00  7.295622e+11
395  2.561294e+00  7.249679e+11
396  2.567779e+00  7.203669e+11
397  2.574263e+00  7.157586e+11
398  2.580747e+00  7.111420e+11
399  2.587232e+00  7.065214e+11
400  2.593716e+00  7.018944e+11
401  2.600200e+00  6.972625e+11
402  2.606684e+00  6.926256e+11
403  2.613169e+00  6.879847e+11
404  2.619653e+00  6.833399e+11
405  2.626137e+00  6.786934e+11
406  2.632622e+00  6.740437e+11
407  2.639106e+00  6.693924e+11
408  2.645590e+00  6.647390e+11
409  2.652075e+00  6.600839e+11
410  2.658559e+00  6.554295e+11
411  2.665043e+00  6.507753e+11
412  2.671527e+00  6.461202e+11
413  2.678012e+00  6.414683e+11
414  2.684496e+00  6.368165e+11
415  2.690980e+00  6.321661e+11
416  2.697464e+00  6.275193e+11
417  2.703949e+00  6.228734e+11
418  2.710433e+00  6.182338e+11
419  2.716917e+00  6.135964e+11
