# Detector:    LPD
# DateCreated: 2026-09-02T10:54:18

0    0.000000e+00  7.505493e+11
1    6.484210e-03  7.496370e+11
2    1.296842e-02  7.487839e+11
3    1.945263e-02  7.479879e+11
4    2.593684e-02  7.472510e+11
5    3.242105e-02  7.465713e+11
6    3.890526e-02  7.459496e+11
7    4.538947e-02  7.453858e+11
8    5.187368e-02  7.448815e+11
9    5.835789e-02  7.444327e+11
10   6.484210e-02  7.440436e+11
11   7.132631e-02  7.437112e+11
12   7.781051e-02  7.434366e+11
13   8.429472e-02  7.432214e+11
14   9.077893e-02  7.430622e+11
15   9.726314e-02  7.429614e+11
16   1.037474e-01  7.429196e+11
17   1.102316e-01  7.429344e+11
18   1.167158e-01  7.430050e+11
19   1.232000e-01  7.431356e+11
20   1.296842e-01  7.433229e+11
21   1.361684e-01  7.435672e+11
22   1.426526e-01  7.438700e+11
23   1.491368e-01  7.442292e+11
24   1.556210e-01  7.446456e+11
25   1.621052e-01  7.451188e+11
26   1.685894e-01  7.456494e+11
27   1.750737e-01  7.462371e+11
28   1.815579e-01  7.468803e+11
29   1.880421e-01  7.475826e+11
30   1.945263e-01  7.483402e+11
31   2.010105e-01  7.491538e+11
32   2.074947e-01  7.500254e+11
33   2.139789e-01  7.509530e+11
34   2.204631e-01  7.519347e+11
35   2.269473e-01  7.529750e+11
36   2.334315e-01  7.540703e+11
37   2.399158e-01  7.552208e+11
38   2.464000e-01  7.564280e+11
39   2.528842e-01  7.576902e+11
40   2.593684e-01  7.590078e+11
41   2.658526e-01  7.603825e+11
42   2.723368e-01  7.618105e+11
43   2.788210e-01  7.632935e+11
44   2.853052e-01  7.648319e+11
45   2.917894e-01  7.664234e+11
46   2.982737e-01  7.680712e+11
47   3.047579e-01  7.697714e+11
48   3.112420e-01  7.715271e+11
49   3.177263e-01  7.733354e+11
50   3.242105e-01  7.751983e+11
51   3.306947e-01  7.771134e+11
52   3.371789e-01  7.790840e+11
53   3.436631e-01  7.811053e+11
54   3.501473e-01  7.831813e+11
55   3.566315e-01  7.853081e+11
56   3.631157e-01  7.874884e+11
57   3.695999e-01  7.897202e+11
58   3.760841e-01  7.920039e+11
59   3.825684e-01  7.943394e+11
60   3.890526e-01  7.967256e+11
61   3.955368e-01  7.991646e+11
62   4.020210e-01  8.016514e+11
63   4.085052e-01  8.041904e+11
64   4.149894e-01  8.067802e+11
65   4.214736e-01  8.094187e+11
66   4.279578e-01  8.121084e+11
67   4.344420e-01  8.148457e+11
68   4.409263e-01  8.176327e+11
69   4.474105e-01  8.204678e+11
70   4.538947e-01  8.233522e+11
71   4.603789e-01  8.262839e+11
72   4.668631e-01  8.292636e+11
73   4.733473e-01  8.322914e+11
74   4.798315e-01  8.353647e+11
75   4.863157e-01  8.384854e+11
76   4.927999e-01  8.416513e+11
77   4.992841e-01  8.448653e+11
78   5.057684e-01  8.481220e+11
79   5.122526e-01  8.514262e+11
80   5.187368e-01  8.547750e+11
81   5.252210e-01  8.581662e+11
82   5.317052e-01  8.616022e+11
83   5.381894e-01  8.650828e+11
84   5.446736e-01  8.686050e+11
85   5.511578e-01  8.721707e+11
86   5.576420e-01  8.757793e+11
87   5.641263e-01  8.794281e+11
88   5.706105e-01  8.831183e+11
89   5.770947e-01  8.868508e+11
90   5.835789e-01  8.906230e+11
91   5.900631e-01  8.944360e+11
92   5.965473e-01  8.982864e+11
93   6.030315e-01  9.021787e+11
94   6.095157e-01  9.061062e+11
95   6.159999e-01  9.100735e+11
96   6.224841e-01  9.140797e+11
97   6.289683e-01  9.181214e+11
98   6.354525e-01  9.221987e+11
99   6.419367e-01  9.263126e+11
100  6.484209e-01  9.304623e+11
101  6.549051e-01  9.346480e+11
102  6.613894e-01  9.388659e+11
103  6.678736e-01  9.431185e+11
104  6.743578e-01  9.474057e+11
105  6.808420e-01  9.517227e+11
106  6.873262e-01  9.560753e+11
107  6.938104e-01  9.604565e+11
108  7.002946e-01  9.648696e+11
109  7.067788e-01  9.693143e+11
110  7.132630e-01  9.737871e+11
111  7.197472e-01  9.782901e+11
112  7.262315e-01  9.828212e+11
113  7.327157e-01  9.873791e+11
114  7.391999e-01  9.919667e+11
115  7.456841e-01  9.965799e+11
116  7.521683e-01  1.001219e+12
117  7.586525e-01  1.005883e+12
118  7.651367e-01  1.010574e+12
119  7.716209e-01  1.015286e+12
120  7.781051e-01  1.020023e+12
121  7.845894e-01  1.024782e+12
122  7.910736e-01  1.029565e+12
123  7.975578e-01  1.034368e+12
124  8.040420e-01  1.039192e+12
125  8.105262e-01  1.044036e+12
126  8.170104e-01  1.048900e+12
127  8.234946e-01  1.053783e+12
128  8.299788e-01  1.058684e+12
129  8.364630e-01  1.063601e+12
130  8.429472e-01  1.068535e+12
131  8.494315e-01  1.073483e+12
132  8.559157e-01  1.078448e+12
133  8.623999e-01  1.083429e+12
134  8.688841e-01  1.088421e+12
135  8.753683e-01  1.093427e+12
136  8.818525e-01  1.098447e+12
137  8.883367e-01  1.103475e+12
138  8.948209e-01  1.108517e+12
139  9.013051e-01  1.113566e+12
140  9.077893e-01  1.118626e+12
141  9.142736e-01  1.123693e+12
142  9.207578e-01  1.128769e+12
143  9.272420e-01  1.133850e+12
144  9.337262e-01  1.138940e+12
145  9.402104e-01  1.144032e+12
146  9.466946e-01  1.149131e+12
147  9.531788e-01  1.154233e+12
148  9.596630e-01  1.159336e+12
149  9.661472e-01  1.164442e+12
150  9.726315e-01  1.169552e+12
151  9.791157e-01  1.174660e+12
152  9.855999e-01  1.179769e+12
153  9.920841e-01  1.184874e+12
154  9.985683e-01  1.189981e+12
155  1.005052e+00  1.195083e+12
156  1.011537e+00  1.200182e+12
157  1.018021e+00  1.205277e+12
158  1.024505e+00  1.210366e+12
159  1.030989e+00  1.215450e+12
160  1.037474e+00  1.220527e+12
161  1.043958e+00  1.225594e+12
162  1.050442e+00  1.230656e+12
163  1.056926e+00  1.235708e+12
164  1.063410e+00  1.240748e+12
165  1.069895e+00  1.245779e+12
166  1.076379e+00  1.250796e+12
167  1.082863e+00  1.255803e+12
168  1.089347e+00  1.260794e+12
169  1.095831e+00  1.265773e+12
170  1.102316e+00  1.270736e+12
171  1.108800e+00  1.275682e+12
172  1.115284e+00  1.280612e+12
173  1.121768e+00  1.285526e+12
174  1.128253e+00  1.290420e+12
175  1.134737e+00  1.295294e+12
176  1.141221e+00  1.300149e+12
177  1.147705e+00  1.304982e+12
178  1.154189e+00  1.309795e+12
179  1.160673e+00  1.314584e+12
180  1.167158e+00  1.319350e+12
181  1.173642e+00  1.324091e+12
182  1.180126e+00  1.328809e+12
183  1.186610e+00  1.333498e+12
184  1.193095e+00  1.338163e+12
185  1.199579e+00  1.342798e+12
186  1.206063e+00  1.347407e+12
187  1.212547e+00  1.351986e+12
188  1.219031e+00  1.356534e+12
189  1.225516e+00  1.361053e+12
190  1.232000e+00  1.365539e+12
191  1.238484e+00  1.369993e+12
192  1.244968e+00  1.374412e+12
193  1.251452e+00  1.378800e+12
194  1.257937e+00  1.383151e+12
195  1.264421e+00  1.387469e+12
196  1.270905e+00  1.391747e+12
197  1.277389e+00  1.395990e+12
198  1.283873e+00  1.400194e+12
199  1.290358e+00  1.404361e+12
200  1.296842e+00  1.408486e+12
201  1.303326e+00  1.412573e+12
202  1.309810e+00  1.416618e+12
203  1.316295e+00  1.420621e+12
204  1.322779e+00  1.424583e+12
205  1.329263e+00  1.428499e+12
206  1.335747e+00  1.432373e+12
207  1.342231e+00  1.436202e+12
208  1.348716e+00  1.439987e+12
209  1.355200e+00  1.443723e+12
210  1.361684e+00  1.447413e+12
211  1.368168e+00  1.451055e+12
212  1.374652e+00  1.454650e+12
213  1.381137e+00  1.458196e+12
214  1.387621e+00  1.461691e+12
215  1.394105e+00  1.465136e+12
216  1.400589e+00  1.468529e+12
217  1.407073e+00  1.471871e+12
218  1.413558e+00  1.475161e+12
219  1.420042e+00  1.478399e+12
220  1.426526e+00  1.481581e+12
221  1.433010e+00  1.484709e+12
222  1.439494e+00  1.487783e+12
223  1.445979e+00  1.490802e+12
224  1.452463e+00  1.493764e+12
225  1.458947e+00  1.496669e+12
226  1.465431e+00  1.499517e+12
227  1.471916e+00  1.502305e+12
228  1.478400e+00  1.505037e+12
229  1.484884e+00  1.507709e+12
230  1.491368e+00  1.510321e+12
231  1.497852e+00  1.512873e+12
232  1.504337e+00  1.515365e+12
233  1.510821e+00  1.517794e+12
234  1.517305e+00  1.520162e+12
235  1.523789e+00  1.522467e+12
236  1.530273e+00  1.524709e+12
237  1.536758e+00  1.526890e+12
238  1.543242e+00  1.529005e+12
239  1.549726e+00  1.531054e+12
240  1.556210e+00  1.533040e+12
241  1.562695e+00  1.534962e+12
242  1.569179e+00  1.536816e+12
243  1.575663e+00  1.538605e+12
244  1.582147e+00  1.540327e+12
245  1.588631e+00  1.541983e+12
246  1.595116e+00  1.543573e+12
247  1.601600e+00  1.545091e+12
248  1.608084e+00  1.546545e+12
249  1.614568e+00  1.547927e+12
250  1.621052e+00  1.549242e+12
251  1.627537e+00  1.550488e+12
252  1.634021e+00  1.551664e+12
253  1.640505e+00  1.552771e+12
254  1.646989e+00  1.553807e+12
255  1.653473e+00  1.554771e+12
256  1.659958e+00  1.555665e+12
257  1.666442e+00  1.556489e+12
258  1.672926e+00  1.557241e+12
259  1.679410e+00  1.557922e+12
260  1.685894e+00  1.558532e+12
261  1.692379e+00  1.559067e+12
262  1.698863e+00  1.559534e+12
263  1.705347e+00  1.559924e+12
264  1.711831e+00  1.560245e+12
265  1.718315e+00  1.560491e+12
266  1.724800e+00  1.560664e+12
267  1.731284e+00  1.560763e+12
268  1.737768e+00  1.560792e+12
269  1.744252e+00  1.560745e+12
270  1.750737e+00  1.560624e+12
271  1.757221e+00  1.560432e+12
272  1.763705e+00  1.560164e+12
273  1.770189e+00  1.559824e+12
274  1.776673e+00  1.559407e+12
275  1.783158e+00  1.558918e+12
276  1.789642e+00  1.558355e+12
277  1.796126e+00  1.557718e+12
278  1.802610e+00  1.557007e+12
279  1.809094e+00  1.556222e+12
280  1.815579e+00  1.555362e+12
281  1.822063e+00  1.554429e+12
282  1.828547e+00  1.553424e+12
283  1.835031e+00  1.552341e+12
284  1.841516e+00  1.551185e+12
285  1.848000e+00  1.549957e+12
286  1.854484e+00  1.548654e+12
287  1.860968e+00  1.547277e+12
288  1.867452e+00  1.545828e+12
289  1.873937e+00  1.544303e+12
290  1.880421e+00  1.542707e+12
291  1.886905e+00  1.541037e+12
292  1.893389e+00  1.539293e+12
293  1.899873e+00  1.537477e+12
294  1.906358e+00  1.535588e+12
295  1.912842e+00  1.533627e+12
296  1.919326e+00  1.531595e+12
297  1.925810e+00  1.529489e+12
298  1.932294e+00  1.527311e+12
299  1.938779e+00  1.525063e+12
300  1.945263e+00  1.522742e+12
301  1.951747e+00  1.520349e+12
302  1.958231e+00  1.517888e+12
303  1.964715e+00  1.515354e+12
304  1.971200e+00  1.512752e+12
305  1.977684e+00  1.510079e+12
306  1.984168e+00  1.507336e+12
307  1.990652e+00  1.504524e+12
308  1.997137e+00  1.501641e+12
309  2.003621e+00  1.498692e+12
310  2.010105e+00  1.495675e+12
311  2.016589e+00  1.492588e+12
312  2.023073e+00  1.489434e+12
313  2.029558e+00  1.486213e+12
314  2.036042e+00  1.482926e+12
315  2.042526e+00  1.479573e+12
316  2.049010e+00  1.476154e+12
317  2.055495e+00  1.472669e+12
318  2.061979e+00  1.469119e+12
319  2.068463e+00  1.465503e+12
320  2.074947e+00  1.461825e+12
321  2.081431e+00  1.458085e+12
322  2.087915e+00  1.454278e+12
323  2.094400e+00  1.450410e+12
324  2.100884e+00  1.446481e+12
325  2.107368e+00  1.442489e+12
326  2.113852e+00  1.438436e+12
327  2.120337e+00  1.434325e+12
328  2.126821e+00  1.430149e+12
329  2.133305e+00  1.425918e+12
330  2.139789e+00  1.421626e+12
331  2.146273e+00  1.417277e+12
332  2.152758e+00  1.412869e+12
333  2.159242e+00  1.408403e+12
334  2.165726e+00  1.403882e+12
335  2.172210e+00  1.399305e+12
336  2.178694e+00  1.394672e+12
337  2.185179e+00  1.389985e+12
338  2.191663e+00  1.385244e+12
339  2.198147e+00  1.380449e+12
340  2.204631e+00  1.375600e+12
341  2.211115e+00  1.370700e+12
342  2.217600e+00  1.365748e+12
343  2.224084e+00  1.360744e+12
344  2.230568e+00  1.355691e+12
345  2.237052e+00  1.350588e+12
346  2.243536e+00  1.345437e+12
347  2.250021e+00  1.340236e+12
348  2.256505e+00  1.334989e+12
349  2.262989e+00  1.329695e+12
350  2.269473e+00  1.324353e+12
351  2.275958e+00  1.318968e+12
352  2.282442e+00  1.313537e+12
353  2.288926e+00  1.308062e+12
354  2.295410e+00  1.302544e+12
355  2.301894e+00  1.296982e+12
356  2.308379e+00  1.291379e+12
357  2.314863e+00  1.285735e+12
358  2.321347e+00  1.280050e+12
359  2.327831e+00  1.274327e+12
360  2.334316e+00  1.268564e+12
361  2.340800e+00  1.262763e+12
362  2.347284e+00  1.256923e+12
363  2.353768e+00  1.251048e+12
364  2.360252e+00  1.245136e+12
365  2.366736e+00  1.239190e+12
366  2.373221e+00  1.233209e+12
367  2.379705e+00  1.227193e+12
368  2.386189e+00  1.221146e+12
369  2.392673e+00  1.215066e+12
370  2.399158e+00  1.208954e+12
371  2.405642e+00  1.202812e+12
372  2.412126e+00  1.196641e+12
373  2.418610e+00  1.190440e+12
374  2.425094e+00  1.184211e+12
375  2.431579e+00  1.177955e+12
376  2.438063e+00  1.171673e+12
377  2.444547e+00  1.165364e+12
378  2.451031e+00  1.159029e+12
379  2.457515e+00  1.152670e+12
380  2.464000e+00  1.146289e+12
381  2.470484e+00  1.139883e+12
382  2.476968e+00  1.133457e+12
383  2.483452e+00  1.127008e+12
384  2.489936e+00  1.120539e+12
385  2.496421e+00  1.114052e+12
386  2.502905e+00  1.107544e+12
387  2.509389e+00  1.101021e+12
388  2.515873e+00  1.094477e+12
389  2.522357e+00  1.087918e+12
390  2.528842e+00  1.081343e+12
391  2.535326e+00  1.074753e+12
392  2.541810e+00  1.068149e+12
393  2.548294e+00  1.061531e+12
394  2.554779e+00  1.054901e+12
395  2.561263e+00  1.048259e+12
396  2.567747e+00  1.041606e+12
397  2.574231e+00  1.034943e+12
398  2.580715e+00  1.028270e+12
399  2.587200e+00  1.021588e+12
400  2.593684e+00  1.014897e+12
401  2.600168e+00  1.008201e+12
402  2.606652e+00  1.001497e+12
403  2.613137e+00  9.947865e+11
404  2.619621e+00  9.880716e+11
405  2.626105e+00  9.813519e+11
406  2.632589e+00  9.746292e+11
407  2.639073e+00  9.679026e+11
408  2.645557e+00  9.611742e+11
409  2.652042e+00  9.544451e+11
410  2.658526e+00  9.477164e+11
411  2.665010e+00  9.409865e+11
412  2.671494e+00  9.342561e+11
413  2.677979e+00  9.275278e+11
414  2.684463e+00  9.208018e+11
415  2.690947e+00  9.140782e+11
416  2.697431e+00  9.073590e+11
417  2.703915e+00  9.006453e+11
418  2.710400e+00  8.939350e+11
419  2.716884e+00  8.872302e+11
