# Detector:    LPD
# DateCreated: 2026-09-02T10:57:16

0    0.000000e+00  9.886998e+11
1    6.484309e-03  9.874968e+11
2    1.296862e-02  9.863732e+11
3    1.945293e-02  9.853247e+11
4    2.593724e-02  9.843526e+11
5    3.242154e-02  9.834577e+11
6    3.890586e-02  9.826394e+11
7    4.539017e-02  9.818969e+11
8    5.187447e-02  9.812312e+11
9    5.835878e-02  9.806422e+11
10   6.484309e-02  9.801282e+11
11   7.132740e-02  9.796905e+11
12   7.781171e-02  9.793304e+11
13   8.429602e-02  9.790451e+11
14   9.078033e-02  9.788362e+11
15   9.726464e-02  9.787036e+11
16   1.037489e-01  9.786470e+11
17   1.102333e-01  9.786656e+11
18   1.167176e-01  9.787603e+11
19   1.232019e-01  9.789327e+11
20   1.296862e-01  9.791787e+11
21   1.361705e-01  9.795023e+11
22   1.426548e-01  9.798987e+11
23   1.491391e-01  9.803729e+11
24   1.556234e-01  9.809214e+11
25   1.621077e-01  9.815439e+11
26   1.685920e-01  9.822430e+11
27   1.750764e-01  9.830178e+11
28   1.815607e-01  9.838667e+11
29   1.880450e-01  9.847894e+11
30   1.945293e-01  9.857884e+11
31   2.010136e-01  9.868613e+11
32   2.074979e-01  9.880083e+11
33   2.139822e-01  9.892295e+11
34   2.204665e-01  9.905260e+11
35   2.269508e-01  9.918942e+11
36   2.334351e-01  9.933384e+11
37   2.399194e-01  9.948535e+11
38   2.464038e-01  9.964430e+11
39   2.528881e-01  9.981070e+11
40   2.593724e-01  9.998422e+11
41   2.658567e-01  1.001652e+12
42   2.723410e-01  1.003533e+12
43   2.788253e-01  1.005488e+12
44   2.853096e-01  1.007514e+12
45   2.917939e-01  1.009612e+12
46   2.982782e-01  1.011780e+12
47   3.047625e-01  1.014021e+12
48   3.112468e-01  1.016334e+12
49   3.177311e-01  1.018716e+12
50   3.242155e-01  1.021170e+12
51   3.306998e-01  1.023696e+12
52   3.371841e-01  1.026290e+12
53   3.436684e-01  1.028953e+12
54   3.501527e-01  1.031686e+12
55   3.566370e-01  1.034488e+12
56   3.631213e-01  1.037361e+12
57   3.696056e-01  1.040302e+12
58   3.760899e-01  1.043310e+12
59   3.825742e-01  1.046387e+12
60   3.890586e-01  1.049530e+12
61   3.955429e-01  1.052740e+12
62   4.020272e-01  1.056020e+12
63   4.085115e-01  1.059365e+12
64   4.149958e-01  1.062775e+12
65   4.214801e-01  1.066252e+12
66   4.279644e-01  1.069794e+12
67   4.344487e-01  1.073400e+12
68   4.409330e-01  1.077070e+12
69   4.474173e-01  1.080806e+12
70   4.539016e-01  1.084605e+12
71   4.603859e-01  1.088469e+12
72   4.668702e-01  1.092392e+12
73   4.733546e-01  1.096380e+12
74   4.798389e-01  1.100431e+12
75   4.863232e-01  1.104542e+12
76   4.928075e-01  1.108712e+12
77   4.992918e-01  1.112946e+12
78   5.057761e-01  1.117237e+12
79   5.122604e-01  1.121588e+12
80   5.187447e-01  1.125999e+12
81   5.252290e-01  1.130467e+12
82   5.317134e-01  1.134996e+12
83   5.381976e-01  1.139579e+12
84   5.446820e-01  1.144220e+12
85   5.511663e-01  1.148918e+12
86   5.576506e-01  1.153669e+12
87   5.641349e-01  1.158478e+12
88   5.706192e-01  1.163341e+12
89   5.771035e-01  1.168256e+12
90   5.835878e-01  1.173225e+12
91   5.900722e-01  1.178246e+12
92   5.965564e-01  1.183320e+12
93   6.030408e-01  1.188445e+12
94   6.095251e-01  1.193622e+12
95   6.160094e-01  1.198848e+12
96   6.224937e-01  1.204124e+12
97   6.289780e-01  1.209449e+12
98   6.354623e-01  1.214820e+12
99   6.419466e-01  1.220242e+12
100  6.484309e-01  1.225708e+12
101  6.549152e-01  1.231219e+12
102  6.613995e-01  1.236778e+12
103  6.678839e-01  1.242380e+12
104  6.743681e-01  1.248025e+12
105  6.808525e-01  1.253714e+12
106  6.873368e-01  1.259447e+12
107  6.938211e-01  1.265219e+12
108  7.003054e-01  1.271032e+12
109  7.067897e-01  1.276886e+12
110  7.132740e-01  1.282780e+12
111  7.197583e-01  1.288711e+12
112  7.262427e-01  1.294681e+12
113  7.327269e-01  1.300687e+12
114  7.392113e-01  1.306728e+12
115  7.456955e-01  1.312805e+12
116  7.521799e-01  1.318917e+12
117  7.586642e-01  1.325061e+12
118  7.651485e-01  1.331238e+12
119  7.716328e-01  1.337447e+12
120  7.781171e-01  1.343689e+12
121  7.846014e-01  1.349958e+12
122  7.910857e-01  1.356258e+12
123  7.975700e-01  1.362584e+12
124  8.040543e-01  1.368941e+12
125  8.105386e-01  1.375322e+12
126  8.170230e-01  1.381727e+12
127  8.235072e-01  1.388161e+12
128  8.299916e-01  1.394615e+12
129  8.364759e-01  1.401092e+12
130  8.429602e-01  1.407594e+12
131  8.494445e-01  1.414114e+12
132  8.559288e-01  1.420654e+12
133  8.624131e-01  1.427214e+12
134  8.688974e-01  1.433791e+12
135  8.753818e-01  1.440386e+12
136  8.818660e-01  1.446997e+12
137  8.883504e-01  1.453622e+12
138  8.948347e-01  1.460262e+12
139  9.013190e-01  1.466915e+12
140  9.078033e-01  1.473579e+12
141  9.142876e-01  1.480254e+12
142  9.207719e-01  1.486941e+12
143  9.272562e-01  1.493637e+12
144  9.337405e-01  1.500339e+12
145  9.402248e-01  1.507048e+12
146  9.467092e-01  1.513764e+12
147  9.531934e-01  1.520485e+12
148  9.596778e-01  1.527210e+12
149  9.661621e-01  1.533937e+12
150  9.726464e-01  1.540666e+12
151  9.791307e-01  1.547395e+12
152  9.856150e-01  1.554125e+12
153  9.920993e-01  1.560852e+12
154  9.985836e-01  1.567578e+12
155  1.005068e+00  1.574298e+12
156  1.011552e+00  1.581016e+12
157  1.018037e+00  1.587728e+12
158  1.024521e+00  1.594431e+12
159  1.031005e+00  1.601128e+12
160  1.037489e+00  1.607815e+12
161  1.043974e+00  1.614493e+12
162  1.050458e+00  1.621159e+12
163  1.056942e+00  1.627814e+12
164  1.063427e+00  1.634455e+12
165  1.069911e+00  1.641081e+12
166  1.076395e+00  1.647691e+12
167  1.082880e+00  1.654285e+12
168  1.089364e+00  1.660863e+12
169  1.095848e+00  1.667419e+12
170  1.102333e+00  1.673958e+12
171  1.108817e+00  1.680473e+12
172  1.115301e+00  1.686968e+12
173  1.121786e+00  1.693440e+12
174  1.128270e+00  1.699886e+12
175  1.134754e+00  1.706308e+12
176  1.141238e+00  1.712704e+12
177  1.147723e+00  1.719072e+12
178  1.154207e+00  1.725411e+12
179  1.160691e+00  1.731718e+12
180  1.167176e+00  1.737996e+12
181  1.173660e+00  1.744244e+12
182  1.180144e+00  1.750456e+12
183  1.186629e+00  1.756635e+12
184  1.193113e+00  1.762779e+12
185  1.199597e+00  1.768886e+12
186  1.206082e+00  1.774956e+12
187  1.212566e+00  1.780987e+12
188  1.219050e+00  1.786979e+12
189  1.225534e+00  1.792933e+12
190  1.232019e+00  1.798840e+12
191  1.238503e+00  1.804709e+12
192  1.244987e+00  1.810531e+12
193  1.251472e+00  1.816309e+12
194  1.257956e+00  1.822042e+12
195  1.264440e+00  1.827729e+12
196  1.270925e+00  1.833367e+12
197  1.277409e+00  1.838956e+12
198  1.283893e+00  1.844494e+12
199  1.290377e+00  1.849980e+12
200  1.296862e+00  1.855417e+12
201  1.303346e+00  1.860799e+12
202  1.309830e+00  1.866129e+12
203  1.316315e+00  1.871403e+12
204  1.322799e+00  1.876619e+12
205  1.329283e+00  1.881780e+12
206  1.335768e+00  1.886881e+12
207  1.342252e+00  1.891925e+12
208  1.348736e+00  1.896908e+12
209  1.355221e+00  1.901831e+12
210  1.361705e+00  1.906692e+12
211  1.368189e+00  1.911491e+12
212  1.374674e+00  1.916226e+12
213  1.381158e+00  1.920894e+12
214  1.387642e+00  1.925499e+12
215  1.394127e+00  1.930038e+12
216  1.400611e+00  1.934507e+12
217  1.407095e+00  1.938912e+12
218  1.413579e+00  1.943244e+12
219  1.420064e+00  1.947508e+12
220  1.426548e+00  1.951699e+12
221  1.433032e+00  1.955822e+12
222  1.439517e+00  1.959872e+12
223  1.446001e+00  1.963845e+12
224  1.452485e+00  1.967747e+12
225  1.458970e+00  1.971574e+12
226  1.465454e+00  1.975325e+12
227  1.471938e+00  1.978999e+12
228  1.478423e+00  1.982597e+12
229  1.484907e+00  1.986118e+12
230  1.491391e+00  1.989557e+12
231  1.497875e+00  1.992919e+12
232  1.504360e+00  1.996201e+12
233  1.510844e+00  1.999400e+12
234  1.517328e+00  2.002519e+12
235  1.523813e+00  2.005556e+12
236  1.530297e+00  2.008510e+12
237  1.536781e+00  2.011381e+12
238  1.543266e+00  2.014168e+12
239  1.549750e+00  2.016867e+12
240  1.556234e+00  2.019484e+12
241  1.562719e+00  2.022013e+12
242  1.569203e+00  2.024458e+12
243  1.575687e+00  2.026815e+12
244  1.582171e+00  2.029082e+12
245  1.588656e+00  2.031263e+12
246  1.595140e+00  2.033355e+12
247  1.601624e+00  2.035358e+12
248  1.608109e+00  2.037270e+12
249  1.614593e+00  2.039093e+12
250  1.621077e+00  2.040825e+12
251  1.627562e+00  2.042465e+12
252  1.634046e+00  2.044013e+12
253  1.640530e+00  2.045468e+12
254  1.647014e+00  2.046833e+12
255  1.653499e+00  2.048104e+12
256  1.659983e+00  2.049283e+12
257  1.666467e+00  2.050367e+12
258  1.672952e+00  2.051357e+12
259  1.679436e+00  2.052255e+12
260  1.685920e+00  2.053055e+12
261  1.692405e+00  2.053763e+12
262  1.698889e+00  2.054373e+12
263  1.705373e+00  2.054889e+12
264  1.711858e+00  2.055310e+12
265  1.718342e+00  2.055635e+12
266  1.724826e+00  2.055864e+12
267  1.731311e+00  2.055996e+12
268  1.737795e+00  2.056031e+12
269  1.744279e+00  2.055967e+12
270  1.750764e+00  2.055810e+12
271  1.757248e+00  2.055556e+12
272  1.763732e+00  2.055203e+12
273  1.770216e+00  2.054753e+12
274  1.776701e+00  2.054205e+12
275  1.783185e+00  2.053562e+12
276  1.789669e+00  2.052820e+12
277  1.796154e+00  2.051980e+12
278  1.802638e+00  2.051042e+12
279  1.809122e+00  2.050008e+12
280  1.815607e+00  2.048875e+12
281  1.822091e+00  2.047645e+12
282  1.828575e+00  2.046318e+12
283  1.835060e+00  2.044891e+12
284  1.841544e+00  2.043371e+12
285  1.848028e+00  2.041750e+12
286  1.854512e+00  2.040035e+12
287  1.860997e+00  2.038221e+12
288  1.867481e+00  2.036309e+12
289  1.873965e+00  2.034301e+12
290  1.880450e+00  2.032197e+12
291  1.886934e+00  2.029998e+12
292  1.893418e+00  2.027701e+12
293  1.899903e+00  2.025307e+12
294  1.906387e+00  2.022819e+12
295  1.912871e+00  2.020235e+12
296  1.919356e+00  2.017556e+12
297  1.925840e+00  2.014782e+12
298  1.932324e+00  2.011914e+12
299  1.938808e+00  2.008950e+12
300  1.945293e+00  2.005893e+12
301  1.951777e+00  2.002742e+12
302  1.958261e+00  1.999499e+12
303  1.964746e+00  1.996160e+12
304  1.971230e+00  1.992731e+12
305  1.977714e+00  1.989209e+12
306  1.984199e+00  1.985595e+12
307  1.990683e+00  1.981891e+12
308  1.997167e+00  1.978095e+12
309  2.003652e+00  1.974209e+12
310  2.010136e+00  1.970233e+12
311  2.016620e+00  1.966167e+12
312  2.023104e+00  1.962013e+12
313  2.029589e+00  1.957769e+12
314  2.036073e+00  1.953439e+12
315  2.042557e+00  1.949020e+12
316  2.049042e+00  1.944516e+12
317  2.055526e+00  1.939924e+12
318  2.062010e+00  1.935247e+12
319  2.068495e+00  1.930484e+12
320  2.074979e+00  1.925639e+12
321  2.081463e+00  1.920708e+12
322  2.087948e+00  1.915696e+12
323  2.094432e+00  1.910601e+12
324  2.100916e+00  1.905423e+12
325  2.107400e+00  1.900165e+12
326  2.113885e+00  1.894825e+12
327  2.120369e+00  1.889407e+12
328  2.126853e+00  1.883909e+12
329  2.133338e+00  1.878332e+12
330  2.139822e+00  1.872679e+12
331  2.146306e+00  1.866949e+12
332  2.152791e+00  1.861142e+12
333  2.159275e+00  1.855262e+12
334  2.165759e+00  1.849305e+12
335  2.172244e+00  1.843272e+12
336  2.178728e+00  1.837171e+12
337  2.185212e+00  1.830996e+12
338  2.191696e+00  1.824748e+12
339  2.198181e+00  1.818432e+12
340  2.204665e+00  1.812045e+12
341  2.211149e+00  1.805589e+12
342  2.217634e+00  1.799064e+12
343  2.224118e+00  1.792475e+12
344  2.230602e+00  1.785817e+12
345  2.237087e+00  1.779095e+12
346  2.243571e+00  1.772308e+12
347  2.250055e+00  1.765458e+12
348  2.256540e+00  1.758545e+12
349  2.263024e+00  1.751569e+12
350  2.269508e+00  1.744533e+12
351  2.275993e+00  1.737438e+12
352  2.282477e+00  1.730283e+12
353  2.288961e+00  1.723070e+12
354  2.295445e+00  1.715802e+12
355  2.301930e+00  1.708475e+12
356  2.308414e+00  1.701093e+12
357  2.314898e+00  1.693658e+12
358  2.321383e+00  1.686169e+12
359  2.327867e+00  1.678630e+12
360  2.334351e+00  1.671035e+12
361  2.340836e+00  1.663394e+12
362  2.347320e+00  1.655703e+12
363  2.353804e+00  1.647962e+12
364  2.360289e+00  1.640174e+12
365  2.366773e+00  1.632341e+12
366  2.373257e+00  1.624460e+12
367  2.379741e+00  1.616537e+12
368  2.386226e+00  1.608569e+12
369  2.392710e+00  1.600562e+12
370  2.399194e+00  1.592510e+12
371  2.405679e+00  1.584420e+12
372  2.412163e+00  1.576289e+12
373  2.418647e+00  1.568121e+12
374  2.425132e+00  1.559916e+12
375  2.431616e+00  1.551673e+12
376  2.438100e+00  1.543397e+12
377  2.444585e+00  1.535084e+12
378  2.451069e+00  1.526741e+12
379  2.457553e+00  1.518365e+12
380  2.464037e+00  1.509958e+12
381  2.470522e+00  1.501518e+12
382  2.477006e+00  1.493052e+12
383  2.483490e+00  1.484558e+12
384  2.489975e+00  1.476037e+12
385  2.496459e+00  1.467489e+12
386  2.502943e+00  1.458918e+12
387  2.509428e+00  1.450321e+12
388  2.515912e+00  1.441703e+12
389  2.522396e+00  1.433063e+12
390  2.528881e+00  1.424401e+12
391  2.535365e+00  1.415719e+12
392  2.541849e+00  1.407020e+12
393  2.548333e+00  1.398304e+12
394  2.554818e+00  1.389569e+12
395  2.561302e+00  1.380820e+12
396  2.567786e+00  1.372055e+12
397  2.574271e+00  1.363276e+12
398  2.580755e+00  1.354485e+12
399  2.587239e+00  1.345683e+12
400  2.593724e+00  1.336870e+12
401  2.600208e+00  1.328048e+12
402  2.606692e+00  1.319217e+12
403  2.613177e+00  1.310377e+12
404  2.619661e+00  1.301530e+12
405  2.626145e+00  1.292679e+12
406  2.632630e+00  1.283823e+12
407  2.639114e+00  1.274964e+12
408  2.645598e+00  1.266100e+12
409  2.652082e+00  1.257235e+12
410  2.658567e+00  1.248369e+12
411  2.665051e+00  1.239505e+12
412  2.671535e+00  1.230639e+12
413  2.678020e+00  1.221777e+12
414  2.684504e+00  1.212916e+12
415  2.690988e+00  1.204061e+12
416  2.697473e+00  1.195208e+12
417  2.703957e+00  1.186363e+12
418  2.710441e+00  1.177521e+12
419  2.716926e+00  1.168691e+12
