# Detector:    LPD
# DateCreated: 2026-09-02T10:57:26

0    0.000000e+00  4.921388e+11
1    6.484263e-03  4.915409e+11
2    1.296853e-02  4.909823e+11
3    1.945279e-02  4.904606e+11
4    2.593705e-02  4.899763e+11
5    3.242132e-02  4.895302e+11
6    3.890558e-02  4.891227e+11
7    4.538984e-02  4.887531e+11
8    5.187410e-02  4.884223e+11
9    5.835837e-02  4.881292e+11
10   6.484263e-02  4.878725e+11
11   7.132690e-02  4.876547e+11
12   7.781116e-02  4.874760e+11
13   8.429542e-02  4.873337e+11
14   9.077968e-02  4.872301e+11
15   9.726395e-02  4.871636e+11
16   1.037482e-01  4.871356e+11
17   1.102325e-01  4.871454e+11
18   1.167167e-01  4.871934e+11
19   1.232010e-01  4.872774e+11
20   1.296853e-01  4.874006e+11
21   1.361695e-01  4.875607e+11
22   1.426538e-01  4.877594e+11
23   1.491380e-01  4.879949e+11
24   1.556223e-01  4.882673e+11
25   1.621066e-01  4.885784e+11
26   1.685908e-01  4.889262e+11
27   1.750751e-01  4.893119e+11
28   1.815594e-01  4.897332e+11
29   1.880436e-01  4.901933e+11
30   1.945279e-01  4.906904e+11
31   2.010121e-01  4.912243e+11
32   2.074964e-01  4.917951e+11
33   2.139807e-01  4.924036e+11
34   2.204649e-01  4.930481e+11
35   2.269492e-01  4.937294e+11
36   2.334335e-01  4.944473e+11
37   2.399177e-01  4.952034e+11
38   2.464020e-01  4.959938e+11
39   2.528863e-01  4.968227e+11
40   2.593705e-01  4.976863e+11
41   2.658548e-01  4.985866e+11
42   2.723390e-01  4.995229e+11
43   2.788233e-01  5.004956e+11
44   2.853076e-01  5.015047e+11
45   2.917918e-01  5.025478e+11
46   2.982761e-01  5.036277e+11
47   3.047604e-01  5.047442e+11
48   3.112446e-01  5.058951e+11
49   3.177289e-01  5.070811e+11
50   3.242131e-01  5.083015e+11
51   3.306974e-01  5.095585e+11
52   3.371817e-01  5.108493e+11
53   3.436660e-01  5.121759e+11
54   3.501502e-01  5.135358e+11
55   3.566345e-01  5.149313e+11
56   3.631187e-01  5.163612e+11
57   3.696030e-01  5.178241e+11
58   3.760872e-01  5.193221e+11
59   3.825715e-01  5.208538e+11
60   3.890558e-01  5.224177e+11
61   3.955401e-01  5.240160e+11
62   4.020243e-01  5.256483e+11
63   4.085086e-01  5.273135e+11
64   4.149928e-01  5.290102e+11
65   4.214771e-01  5.307415e+11
66   4.279614e-01  5.325039e+11
67   4.344456e-01  5.342992e+11
68   4.409299e-01  5.361268e+11
69   4.474142e-01  5.379862e+11
70   4.538984e-01  5.398775e+11
71   4.603827e-01  5.417999e+11
72   4.668669e-01  5.437541e+11
73   4.733512e-01  5.457381e+11
74   4.798355e-01  5.477537e+11
75   4.863197e-01  5.498006e+11
76   4.928040e-01  5.518773e+11
77   4.992883e-01  5.539841e+11
78   5.057725e-01  5.561193e+11
79   5.122568e-01  5.582856e+11
80   5.187411e-01  5.604809e+11
81   5.252253e-01  5.627053e+11
82   5.317096e-01  5.649590e+11
83   5.381938e-01  5.672414e+11
84   5.446781e-01  5.695503e+11
85   5.511624e-01  5.718882e+11
86   5.576466e-01  5.742544e+11
87   5.641309e-01  5.766477e+11
88   5.706152e-01  5.790675e+11
89   5.770994e-01  5.815148e+11
90   5.835837e-01  5.839883e+11
91   5.900679e-01  5.864886e+11
92   5.965522e-01  5.890131e+11
93   6.030365e-01  5.915645e+11
94   6.095207e-01  5.941406e+11
95   6.160050e-01  5.967428e+11
96   6.224893e-01  5.993677e+11
97   6.289735e-01  6.020189e+11
98   6.354578e-01  6.046930e+11
99   6.419420e-01  6.073911e+11
100  6.484263e-01  6.101115e+11
101  6.549106e-01  6.128556e+11
102  6.613948e-01  6.156220e+11
103  6.678791e-01  6.184103e+11
104  6.743634e-01  6.212209e+11
105  6.808476e-01  6.240529e+11
106  6.873319e-01  6.269055e+11
107  6.938161e-01  6.297799e+11
108  7.003004e-01  6.326733e+11
109  7.067847e-01  6.355871e+11
110  7.132689e-01  6.385205e+11
111  7.197532e-01  6.414722e+11
112  7.262375e-01  6.444429e+11
113  7.327217e-01  6.474338e+11
114  7.392060e-01  6.504401e+11
115  7.456903e-01  6.534646e+11
116  7.521745e-01  6.565071e+11
117  7.586588e-01  6.595664e+11
118  7.651430e-01  6.626403e+11
119  7.716273e-01  6.657310e+11
120  7.781116e-01  6.688376e+11
121  7.845958e-01  6.719587e+11
122  7.910801e-01  6.750945e+11
123  7.975644e-01  6.782439e+11
124  8.040486e-01  6.814067e+11
125  8.105329e-01  6.845836e+11
126  8.170171e-01  6.877719e+11
127  8.235014e-01  6.909739e+11
128  8.299857e-01  6.941865e+11
129  8.364699e-01  6.974125e+11
130  8.429542e-01  7.006477e+11
131  8.494385e-01  7.038928e+11
132  8.559228e-01  7.071492e+11
133  8.624070e-01  7.104135e+11
134  8.688912e-01  7.136880e+11
135  8.753755e-01  7.169705e+11
136  8.818598e-01  7.202601e+11
137  8.883440e-01  7.235585e+11
138  8.948283e-01  7.268634e+11
139  9.013126e-01  7.301756e+11
140  9.077969e-01  7.334931e+11
141  9.142811e-01  7.368157e+11
142  9.207653e-01  7.401439e+11
143  9.272496e-01  7.434761e+11
144  9.337339e-01  7.468117e+11
145  9.402182e-01  7.501520e+11
146  9.467024e-01  7.534945e+11
147  9.531867e-01  7.568401e+11
148  9.596710e-01  7.601875e+11
149  9.661552e-01  7.635361e+11
150  9.726394e-01  7.668858e+11
151  9.791237e-01  7.702343e+11
152  9.856080e-01  7.735840e+11
153  9.920923e-01  7.769331e+11
154  9.985765e-01  7.802812e+11
155  1.005061e+00  7.836256e+11
156  1.011545e+00  7.869704e+11
157  1.018029e+00  7.903097e+11
158  1.024514e+00  7.936477e+11
159  1.030998e+00  7.969814e+11
160  1.037482e+00  8.003094e+11
161  1.043966e+00  8.036337e+11
162  1.050451e+00  8.069518e+11
163  1.056935e+00  8.102633e+11
164  1.063419e+00  8.135695e+11
165  1.069903e+00  8.168684e+11
166  1.076388e+00  8.201593e+11
167  1.082872e+00  8.234404e+11
168  1.089356e+00  8.267150e+11
169  1.095840e+00  8.299779e+11
170  1.102325e+00  8.332335e+11
171  1.108809e+00  8.364759e+11
172  1.115293e+00  8.397085e+11
173  1.121778e+00  8.429295e+11
174  1.128262e+00  8.461396e+11
175  1.134746e+00  8.493350e+11
176  1.141230e+00  8.525192e+11
177  1.147715e+00  8.556887e+11
178  1.154199e+00  8.588439e+11
179  1.160683e+00  8.619844e+11
180  1.167167e+00  8.651099e+11
181  1.173652e+00  8.682173e+11
182  1.180136e+00  8.713116e+11
183  1.186620e+00  8.743860e+11
184  1.193104e+00  8.774455e+11
185  1.199589e+00  8.804840e+11
186  1.206073e+00  8.835067e+11
187  1.212557e+00  8.865092e+11
188  1.219041e+00  8.894906e+11
189  1.225526e+00  8.924537e+11
190  1.232010e+00  8.953962e+11
191  1.238494e+00  8.983161e+11
192  1.244979e+00  9.012142e+11
193  1.251463e+00  9.040915e+11
194  1.257947e+00  9.069448e+11
195  1.264431e+00  9.097754e+11
196  1.270916e+00  9.125809e+11
197  1.277400e+00  9.153622e+11
198  1.283884e+00  9.181194e+11
199  1.290368e+00  9.208520e+11
200  1.296853e+00  9.235566e+11
201  1.303337e+00  9.262363e+11
202  1.309821e+00  9.288887e+11
203  1.316305e+00  9.315129e+11
204  1.322790e+00  9.341101e+11
205  1.329274e+00  9.366802e+11
206  1.335758e+00  9.392196e+11
207  1.342242e+00  9.417298e+11
208  1.348727e+00  9.442104e+11
209  1.355211e+00  9.466611e+11
210  1.361695e+00  9.490797e+11
211  1.368180e+00  9.514697e+11
212  1.374664e+00  9.538249e+11
213  1.381148e+00  9.561509e+11
214  1.387632e+00  9.584411e+11
215  1.394117e+00  9.607005e+11
216  1.400601e+00  9.629267e+11
217  1.407085e+00  9.651171e+11
218  1.413569e+00  9.672747e+11
219  1.420054e+00  9.693973e+11
220  1.426538e+00  9.714847e+11
221  1.433022e+00  9.735362e+11
222  1.439506e+00  9.755511e+11
223  1.445991e+00  9.775303e+11
224  1.452475e+00  9.794711e+11
225  1.458959e+00  9.813764e+11
226  1.465443e+00  9.832444e+11
227  1.471928e+00  9.850737e+11
228  1.478412e+00  9.868645e+11
229  1.484896e+00  9.886150e+11
230  1.491381e+00  9.903288e+11
231  1.497865e+00  9.920018e+11
232  1.504349e+00  9.936355e+11
233  1.510833e+00  9.952275e+11
234  1.517318e+00  9.967796e+11
235  1.523802e+00  9.982929e+11
236  1.530286e+00  9.997620e+11
237  1.536770e+00  1.001191e+12
238  1.543255e+00  1.002579e+12
239  1.549739e+00  1.003924e+12
240  1.556223e+00  1.005226e+12
241  1.562707e+00  1.006484e+12
242  1.569192e+00  1.007700e+12
243  1.575676e+00  1.008874e+12
244  1.582160e+00  1.010004e+12
245  1.588645e+00  1.011088e+12
246  1.595129e+00  1.012130e+12
247  1.601613e+00  1.013128e+12
248  1.608097e+00  1.014079e+12
249  1.614581e+00  1.014987e+12
250  1.621066e+00  1.015848e+12
251  1.627550e+00  1.016665e+12
252  1.634034e+00  1.017436e+12
253  1.640519e+00  1.018160e+12
254  1.647003e+00  1.018840e+12
255  1.653487e+00  1.019473e+12
256  1.659971e+00  1.020059e+12
257  1.666456e+00  1.020599e+12
258  1.672940e+00  1.021093e+12
259  1.679424e+00  1.021539e+12
260  1.685908e+00  1.021938e+12
261  1.692393e+00  1.022291e+12
262  1.698877e+00  1.022594e+12
263  1.705361e+00  1.022850e+12
264  1.711846e+00  1.023061e+12
265  1.718330e+00  1.023221e+12
266  1.724814e+00  1.023336e+12
267  1.731298e+00  1.023401e+12
268  1.737782e+00  1.023418e+12
269  1.744267e+00  1.023388e+12
270  1.750751e+00  1.023309e+12
271  1.757235e+00  1.023183e+12
272  1.763720e+00  1.023007e+12
273  1.770204e+00  1.022783e+12
274  1.776688e+00  1.022511e+12
275  1.783172e+00  1.022191e+12
276  1.789657e+00  1.021821e+12
277  1.796141e+00  1.021404e+12
278  1.802625e+00  1.020937e+12
279  1.809109e+00  1.020421e+12
280  1.815594e+00  1.019859e+12
281  1.822078e+00  1.019246e+12
282  1.828562e+00  1.018586e+12
283  1.835046e+00  1.017876e+12
284  1.841531e+00  1.017120e+12
285  1.848015e+00  1.016312e+12
286  1.854499e+00  1.015458e+12
287  1.860983e+00  1.014555e+12
288  1.867468e+00  1.013604e+12
289  1.873952e+00  1.012605e+12
290  1.880436e+00  1.011558e+12
291  1.886921e+00  1.010463e+12
292  1.893405e+00  1.009320e+12
293  1.899889e+00  1.008129e+12
294  1.906373e+00  1.006890e+12
295  1.912858e+00  1.005605e+12
296  1.919342e+00  1.004270e+12
297  1.925826e+00  1.002889e+12
298  1.932310e+00  1.001462e+12
299  1.938795e+00  9.999864e+11
300  1.945279e+00  9.984663e+11
301  1.951763e+00  9.968971e+11
302  1.958247e+00  9.952821e+11
303  1.964732e+00  9.936220e+11
304  1.971216e+00  9.919150e+11
305  1.977700e+00  9.901621e+11
306  1.984185e+00  9.883621e+11
307  1.990669e+00  9.865180e+11
308  1.997153e+00  9.846291e+11
309  2.003637e+00  9.826961e+11
310  2.010122e+00  9.807168e+11
311  2.016606e+00  9.786922e+11
312  2.023090e+00  9.766239e+11
313  2.029574e+00  9.745132e+11
314  2.036059e+00  9.723562e+11
315  2.042543e+00  9.701575e+11
316  2.049027e+00  9.679160e+11
317  2.055511e+00  9.656308e+11
318  2.061996e+00  9.633038e+11
319  2.068480e+00  9.609324e+11
320  2.074964e+00  9.585203e+11
321  2.081449e+00  9.560666e+11
322  2.087933e+00  9.535721e+11
323  2.094417e+00  9.510360e+11
324  2.100901e+00  9.484582e+11
325  2.107385e+00  9.458401e+11
326  2.113870e+00  9.431832e+11
327  2.120354e+00  9.404854e+11
328  2.126838e+00  9.377494e+11
329  2.133322e+00  9.349745e+11
330  2.139807e+00  9.321597e+11
331  2.146291e+00  9.293087e+11
332  2.152775e+00  9.264172e+11
333  2.159260e+00  9.234893e+11
334  2.165744e+00  9.205252e+11
335  2.172228e+00  9.175231e+11
336  2.178712e+00  9.144855e+11
337  2.185197e+00  9.114129e+11
338  2.191681e+00  9.083030e+11
339  2.198165e+00  9.051589e+11
340  2.204649e+00  9.019782e+11
341  2.211134e+00  8.987663e+11
342  2.217618e+00  8.955183e+11
343  2.224102e+00  8.922376e+11
344  2.230587e+00  8.889241e+11
345  2.237071e+00  8.855794e+11
346  2.243555e+00  8.822002e+11
347  2.250039e+00  8.787903e+11
348  2.256524e+00  8.753498e+11
349  2.263008e+00  8.718788e+11
350  2.269492e+00  8.683760e+11
351  2.275976e+00  8.648439e+11
352  2.282461e+00  8.612837e+11
353  2.288945e+00  8.576918e+11
354  2.295429e+00  8.540741e+11
355  2.301913e+00  8.504271e+11
356  2.308398e+00  8.467537e+11
357  2.314882e+00  8.430525e+11
358  2.321366e+00  8.393253e+11
359  2.327850e+00  8.355724e+11
360  2.334335e+00  8.317932e+11
361  2.340819e+00  8.279876e+11
362  2.347303e+00  8.241600e+11
363  2.353787e+00  8.203073e+11
364  2.360272e+00  8.164314e+11
365  2.366756e+00  8.125318e+11
366  2.373240e+00  8.086087e+11
367  2.379725e+00  8.046646e+11
368  2.386209e+00  8.006991e+11
369  2.392693e+00  7.967129e+11
370  2.399177e+00  7.927065e+11
371  2.405662e+00  7.886791e+11
372  2.412146e+00  7.846309e+11
373  2.418630e+00  7.805659e+11
374  2.425114e+00  7.764809e+11
375  2.431599e+00  7.723785e+11
376  2.438083e+00  7.682585e+11
377  2.444567e+00  7.641211e+11
378  2.451051e+00  7.599693e+11
379  2.457536e+00  7.557988e+11
380  2.464020e+00  7.516146e+11
381  2.470504e+00  7.474149e+11
382  2.476989e+00  7.432001e+11
383  2.483473e+00  7.389714e+11
384  2.489957e+00  7.347308e+11
385  2.496441e+00  7.304759e+11
386  2.502926e+00  7.262085e+11
387  2.509410e+00  7.219314e+11
388  2.515894e+00  7.176400e+11
389  2.522378e+00  7.133400e+11
390  2.528863e+00  7.090280e+11
391  2.535347e+00  7.047074e+11
392  2.541831e+00  7.003772e+11
393  2.548315e+00  6.960375e+11
394  2.554800e+00  6.916902e+11
395  2.561284e+00  6.873350e+11
396  2.567768e+00  6.829722e+11
397  2.574252e+00  6.786029e+11
398  2.580737e+00  6.742282e+11
399  2.587221e+00  6.698461e+11
400  2.593705e+00  6.654592e+11
401  2.600189e+00  6.610669e+11
402  2.606674e+00  6.566724e+11
403  2.613158e+00  6.522721e+11
404  2.619642e+00  6.478691e+11
405  2.626127e+00  6.434631e+11
406  2.632611e+00  6.390541e+11
407  2.639095e+00  6.346451e+11
408  2.645579e+00  6.302327e+11
409  2.652064e+00  6.258200e+11
410  2.658548e+00  6.214070e+11
411  2.665032e+00  6.169946e+11
412  2.671516e+00  6.125825e+11
413  2.678001e+00  6.081703e+11
414  2.684485e+00  6.037600e+11
415  2.690969e+00  5.993520e+11
416  2.697453e+00  5.949452e+11
417  2.703938e+00  5.905425e+11
418  2.710422e+00  5.861428e+11
419  2.716906e+00  5.817464e+11
