# Detector:    LPD
# DateCreated: 2026-09-02T10:57:38

0    0.000000e+00  1.082986e+12
1    6.484313e-03  1.081669e+12
2    1.296863e-02  1.080437e+12
3    1.945294e-02  1.079289e+12
4    2.593725e-02  1.078226e+12
5    3.242157e-02  1.077245e+12
6    3.890588e-02  1.076348e+12
7    4.539019e-02  1.075534e+12
8    5.187450e-02  1.074804e+12
9    5.835882e-02  1.074159e+12
10   6.484313e-02  1.073598e+12
11   7.132744e-02  1.073118e+12
12   7.781176e-02  1.072722e+12
13   8.429607e-02  1.072411e+12
14   9.078038e-02  1.072183e+12
15   9.726469e-02  1.072037e+12
16   1.037490e-01  1.071974e+12
17   1.102333e-01  1.071997e+12
18   1.167176e-01  1.072099e+12
19   1.232019e-01  1.072288e+12
20   1.296863e-01  1.072558e+12
21   1.361706e-01  1.072910e+12
22   1.426549e-01  1.073346e+12
23   1.491392e-01  1.073865e+12
24   1.556235e-01  1.074465e+12
25   1.621078e-01  1.075150e+12
26   1.685921e-01  1.075916e+12
27   1.750765e-01  1.076761e+12
28   1.815608e-01  1.077693e+12
29   1.880451e-01  1.078704e+12
30   1.945294e-01  1.079798e+12
31   2.010137e-01  1.080972e+12
32   2.074980e-01  1.082230e+12
33   2.139823e-01  1.083566e+12
34   2.204666e-01  1.084986e+12
35   2.269510e-01  1.086486e+12
36   2.334353e-01  1.088066e+12
37   2.399196e-01  1.089727e+12
38   2.464039e-01  1.091469e+12
39   2.528882e-01  1.093291e+12
40   2.593725e-01  1.095191e+12
41   2.658568e-01  1.097174e+12
42   2.723411e-01  1.099234e+12
43   2.788255e-01  1.101375e+12
44   2.853098e-01  1.103594e+12
45   2.917941e-01  1.105891e+12
46   2.982784e-01  1.108267e+12
47   3.047627e-01  1.110723e+12
48   3.112470e-01  1.113255e+12
49   3.177313e-01  1.115866e+12
50   3.242157e-01  1.118554e+12
51   3.307000e-01  1.121317e+12
52   3.371843e-01  1.124160e+12
53   3.436686e-01  1.127078e+12
54   3.501529e-01  1.130073e+12
55   3.566372e-01  1.133143e+12
56   3.631215e-01  1.136289e+12
57   3.696058e-01  1.139510e+12
58   3.760901e-01  1.142803e+12
59   3.825745e-01  1.146175e+12
60   3.890588e-01  1.149618e+12
61   3.955431e-01  1.153134e+12
62   4.020274e-01  1.156726e+12
63   4.085117e-01  1.160390e+12
64   4.149960e-01  1.164125e+12
65   4.214803e-01  1.167934e+12
66   4.279647e-01  1.171814e+12
67   4.344490e-01  1.175764e+12
68   4.409333e-01  1.179785e+12
69   4.474176e-01  1.183878e+12
70   4.539019e-01  1.188039e+12
71   4.603862e-01  1.192269e+12
72   4.668705e-01  1.196568e+12
73   4.733548e-01  1.200936e+12
74   4.798391e-01  1.205373e+12
75   4.863235e-01  1.209874e+12
76   4.928078e-01  1.214444e+12
77   4.992921e-01  1.219081e+12
78   5.057764e-01  1.223781e+12
79   5.122607e-01  1.228548e+12
80   5.187451e-01  1.233380e+12
81   5.252293e-01  1.238275e+12
82   5.317137e-01  1.243233e+12
83   5.381980e-01  1.248255e+12
84   5.446823e-01  1.253338e+12
85   5.511666e-01  1.258483e+12
86   5.576509e-01  1.263689e+12
87   5.641353e-01  1.268955e+12
88   5.706195e-01  1.274280e+12
89   5.771039e-01  1.279666e+12
90   5.835882e-01  1.285109e+12
91   5.900725e-01  1.290609e+12
92   5.965568e-01  1.296168e+12
93   6.030411e-01  1.301782e+12
94   6.095254e-01  1.307450e+12
95   6.160097e-01  1.313176e+12
96   6.224940e-01  1.318955e+12
97   6.289784e-01  1.324786e+12
98   6.354626e-01  1.330671e+12
99   6.419470e-01  1.336607e+12
100  6.484313e-01  1.342596e+12
101  6.549156e-01  1.348633e+12
102  6.613999e-01  1.354722e+12
103  6.678842e-01  1.360858e+12
104  6.743686e-01  1.367042e+12
105  6.808528e-01  1.373275e+12
106  6.873372e-01  1.379551e+12
107  6.938215e-01  1.385875e+12
108  7.003058e-01  1.392245e+12
109  7.067901e-01  1.398658e+12
110  7.132744e-01  1.405111e+12
111  7.197587e-01  1.411609e+12
112  7.262430e-01  1.418146e+12
113  7.327273e-01  1.424725e+12
114  7.392117e-01  1.431344e+12
115  7.456960e-01  1.438001e+12
116  7.521803e-01  1.444695e+12
117  7.586646e-01  1.451425e+12
118  7.651489e-01  1.458191e+12
119  7.716333e-01  1.464993e+12
120  7.781175e-01  1.471829e+12
121  7.846019e-01  1.478697e+12
122  7.910862e-01  1.485597e+12
123  7.975705e-01  1.492527e+12
124  8.040548e-01  1.499489e+12
125  8.105391e-01  1.506478e+12
126  8.170235e-01  1.513496e+12
127  8.235077e-01  1.520542e+12
128  8.299921e-01  1.527612e+12
129  8.364764e-01  1.534707e+12
130  8.429607e-01  1.541828e+12
131  8.494450e-01  1.548971e+12
132  8.559293e-01  1.556135e+12
133  8.624136e-01  1.563320e+12
134  8.688979e-01  1.570523e+12
135  8.753822e-01  1.577748e+12
136  8.818666e-01  1.584988e+12
137  8.883508e-01  1.592245e+12
138  8.948352e-01  1.599519e+12
139  9.013195e-01  1.606807e+12
140  9.078038e-01  1.614108e+12
141  9.142881e-01  1.621420e+12
142  9.207724e-01  1.628743e+12
143  9.272568e-01  1.636075e+12
144  9.337411e-01  1.643417e+12
145  9.402254e-01  1.650768e+12
146  9.467097e-01  1.658124e+12
147  9.531940e-01  1.665486e+12
148  9.596783e-01  1.672850e+12
149  9.661626e-01  1.680219e+12
150  9.726470e-01  1.687590e+12
151  9.791313e-01  1.694962e+12
152  9.856156e-01  1.702333e+12
153  9.920999e-01  1.709700e+12
154  9.985842e-01  1.717067e+12
155  1.005069e+00  1.724431e+12
156  1.011553e+00  1.731789e+12
157  1.018037e+00  1.739140e+12
158  1.024521e+00  1.746483e+12
159  1.031006e+00  1.753820e+12
160  1.037490e+00  1.761145e+12
161  1.043974e+00  1.768459e+12
162  1.050459e+00  1.775762e+12
163  1.056943e+00  1.783049e+12
164  1.063427e+00  1.790324e+12
165  1.069912e+00  1.797582e+12
166  1.076396e+00  1.804822e+12
167  1.082880e+00  1.812047e+12
168  1.089365e+00  1.819249e+12
169  1.095849e+00  1.826430e+12
170  1.102333e+00  1.833594e+12
171  1.108817e+00  1.840732e+12
172  1.115302e+00  1.847846e+12
173  1.121786e+00  1.854933e+12
174  1.128271e+00  1.861996e+12
175  1.134755e+00  1.869029e+12
176  1.141239e+00  1.876035e+12
177  1.147723e+00  1.883010e+12
178  1.154208e+00  1.889953e+12
179  1.160692e+00  1.896864e+12
180  1.167176e+00  1.903739e+12
181  1.173661e+00  1.910582e+12
182  1.180145e+00  1.917387e+12
183  1.186629e+00  1.924155e+12
184  1.193114e+00  1.930886e+12
185  1.199598e+00  1.937575e+12
186  1.206082e+00  1.944224e+12
187  1.212566e+00  1.950830e+12
188  1.219051e+00  1.957395e+12
189  1.225535e+00  1.963914e+12
190  1.232019e+00  1.970387e+12
191  1.238504e+00  1.976813e+12
192  1.244988e+00  1.983191e+12
193  1.251472e+00  1.989522e+12
194  1.257957e+00  1.995801e+12
195  1.264441e+00  2.002030e+12
196  1.270925e+00  2.008204e+12
197  1.277410e+00  2.014325e+12
198  1.283894e+00  2.020391e+12
199  1.290378e+00  2.026404e+12
200  1.296863e+00  2.032356e+12
201  1.303347e+00  2.038252e+12
202  1.309831e+00  2.044090e+12
203  1.316316e+00  2.049866e+12
204  1.322800e+00  2.055580e+12
205  1.329284e+00  2.061235e+12
206  1.335768e+00  2.066823e+12
207  1.342253e+00  2.072348e+12
208  1.348737e+00  2.077805e+12
209  1.355221e+00  2.083200e+12
210  1.361706e+00  2.088523e+12
211  1.368190e+00  2.093778e+12
212  1.374674e+00  2.098966e+12
213  1.381159e+00  2.104080e+12
214  1.387643e+00  2.109122e+12
215  1.394127e+00  2.114095e+12
216  1.400612e+00  2.118992e+12
217  1.407096e+00  2.123814e+12
218  1.413580e+00  2.128561e+12
219  1.420065e+00  2.133232e+12
220  1.426549e+00  2.137824e+12
221  1.433033e+00  2.142337e+12
222  1.439517e+00  2.146773e+12
223  1.446002e+00  2.151127e+12
224  1.452486e+00  2.155400e+12
225  1.458970e+00  2.159592e+12
226  1.465455e+00  2.163700e+12
227  1.471939e+00  2.167725e+12
228  1.478423e+00  2.171665e+12
229  1.484908e+00  2.175522e+12
230  1.491392e+00  2.179291e+12
231  1.497876e+00  2.182973e+12
232  1.504361e+00  2.186567e+12
233  1.510845e+00  2.190071e+12
234  1.517329e+00  2.193487e+12
235  1.523813e+00  2.196815e+12
236  1.530298e+00  2.200049e+12
237  1.536782e+00  2.203194e+12
238  1.543267e+00  2.206246e+12
239  1.549751e+00  2.209204e+12
240  1.556235e+00  2.212070e+12
241  1.562719e+00  2.214842e+12
242  1.569204e+00  2.217518e+12
243  1.575688e+00  2.220100e+12
244  1.582172e+00  2.222583e+12
245  1.588657e+00  2.224974e+12
246  1.595141e+00  2.227265e+12
247  1.601625e+00  2.229456e+12
248  1.608110e+00  2.231552e+12
249  1.614594e+00  2.233547e+12
250  1.621078e+00  2.235444e+12
251  1.627563e+00  2.237243e+12
252  1.634047e+00  2.238939e+12
253  1.640531e+00  2.240534e+12
254  1.647015e+00  2.242028e+12
255  1.653500e+00  2.243420e+12
256  1.659984e+00  2.244710e+12
257  1.666468e+00  2.245900e+12
258  1.672953e+00  2.246984e+12
259  1.679437e+00  2.247967e+12
260  1.685921e+00  2.248843e+12
261  1.692406e+00  2.249617e+12
262  1.698890e+00  2.250287e+12
263  1.705374e+00  2.250854e+12
264  1.711859e+00  2.251313e+12
265  1.718343e+00  2.251670e+12
266  1.724827e+00  2.251917e+12
267  1.731312e+00  2.252063e+12
268  1.737796e+00  2.252102e+12
269  1.744280e+00  2.252035e+12
270  1.750764e+00  2.251862e+12
271  1.757249e+00  2.251581e+12
272  1.763733e+00  2.251194e+12
273  1.770217e+00  2.250702e+12
274  1.776702e+00  2.250102e+12
275  1.783186e+00  2.249396e+12
276  1.789670e+00  2.248584e+12
277  1.796155e+00  2.247664e+12
278  1.802639e+00  2.246638e+12
279  1.809123e+00  2.245505e+12
280  1.815608e+00  2.244265e+12
281  1.822092e+00  2.242915e+12
282  1.828576e+00  2.241463e+12
283  1.835061e+00  2.239900e+12
284  1.841545e+00  2.238234e+12
285  1.848029e+00  2.236461e+12
286  1.854514e+00  2.234578e+12
287  1.860998e+00  2.232591e+12
288  1.867482e+00  2.230500e+12
289  1.873966e+00  2.228300e+12
290  1.880451e+00  2.225995e+12
291  1.886935e+00  2.223585e+12
292  1.893419e+00  2.221070e+12
293  1.899904e+00  2.218448e+12
294  1.906388e+00  2.215723e+12
295  1.912872e+00  2.212894e+12
296  1.919357e+00  2.209958e+12
297  1.925841e+00  2.206921e+12
298  1.932325e+00  2.203777e+12
299  1.938810e+00  2.200532e+12
300  1.945294e+00  2.197182e+12
301  1.951778e+00  2.193730e+12
302  1.958263e+00  2.190177e+12
303  1.964747e+00  2.186521e+12
304  1.971231e+00  2.182765e+12
305  1.977715e+00  2.178907e+12
306  1.984200e+00  2.174949e+12
307  1.990684e+00  2.170891e+12
308  1.997168e+00  2.166732e+12
309  2.003653e+00  2.162477e+12
310  2.010137e+00  2.158119e+12
311  2.016621e+00  2.153667e+12
312  2.023106e+00  2.149116e+12
313  2.029590e+00  2.144469e+12
314  2.036074e+00  2.139725e+12
315  2.042559e+00  2.134886e+12
316  2.049043e+00  2.129949e+12
317  2.055527e+00  2.124922e+12
318  2.062011e+00  2.119798e+12
319  2.068496e+00  2.114584e+12
320  2.074980e+00  2.109276e+12
321  2.081465e+00  2.103876e+12
322  2.087949e+00  2.098385e+12
323  2.094433e+00  2.092803e+12
324  2.100917e+00  2.087131e+12
325  2.107402e+00  2.081372e+12
326  2.113886e+00  2.075522e+12
327  2.120370e+00  2.069587e+12
328  2.126855e+00  2.063566e+12
329  2.133339e+00  2.057458e+12
330  2.139823e+00  2.051266e+12
331  2.146307e+00  2.044988e+12
332  2.152792e+00  2.038626e+12
333  2.159276e+00  2.032184e+12
334  2.165761e+00  2.025659e+12
335  2.172245e+00  2.019054e+12
336  2.178729e+00  2.012370e+12
337  2.185214e+00  2.005605e+12
338  2.191698e+00  1.998762e+12
339  2.198182e+00  1.991843e+12
340  2.204666e+00  1.984848e+12
341  2.211151e+00  1.977776e+12
342  2.217635e+00  1.970631e+12
343  2.224119e+00  1.963412e+12
344  2.230604e+00  1.956119e+12
345  2.237088e+00  1.948755e+12
346  2.243572e+00  1.941322e+12
347  2.250057e+00  1.933817e+12
348  2.256541e+00  1.926244e+12
349  2.263025e+00  1.918605e+12
350  2.269510e+00  1.910898e+12
351  2.275994e+00  1.903125e+12
352  2.282478e+00  1.895289e+12
353  2.288962e+00  1.887387e+12
354  2.295447e+00  1.879424e+12
355  2.301931e+00  1.871401e+12
356  2.308415e+00  1.863316e+12
357  2.314900e+00  1.855171e+12
358  2.321384e+00  1.846969e+12
359  2.327868e+00  1.838707e+12
360  2.334353e+00  1.830392e+12
361  2.340837e+00  1.822020e+12
362  2.347321e+00  1.813594e+12
363  2.353806e+00  1.805116e+12
364  2.360290e+00  1.796586e+12
365  2.366774e+00  1.788006e+12
366  2.373259e+00  1.779374e+12
367  2.379743e+00  1.770696e+12
368  2.386227e+00  1.761968e+12
369  2.392711e+00  1.753196e+12
370  2.399196e+00  1.744376e+12
371  2.405680e+00  1.735515e+12
372  2.412164e+00  1.726608e+12
373  2.418649e+00  1.717660e+12
374  2.425133e+00  1.708674e+12
375  2.431617e+00  1.699645e+12
376  2.438102e+00  1.690579e+12
377  2.444586e+00  1.681474e+12
378  2.451070e+00  1.672334e+12
379  2.457555e+00  1.663159e+12
380  2.464039e+00  1.653949e+12
381  2.470523e+00  1.644709e+12
382  2.477008e+00  1.635434e+12
383  2.483492e+00  1.626130e+12
384  2.489976e+00  1.616797e+12
385  2.496460e+00  1.607434e+12
386  2.502945e+00  1.598043e+12
387  2.509429e+00  1.588630e+12
388  2.515913e+00  1.579188e+12
389  2.522398e+00  1.569722e+12
390  2.528882e+00  1.560235e+12
391  2.535366e+00  1.550727e+12
392  2.541851e+00  1.541199e+12
393  2.548335e+00  1.531648e+12
394  2.554819e+00  1.522083e+12
395  2.561304e+00  1.512496e+12
396  2.567788e+00  1.502896e+12
397  2.574272e+00  1.493283e+12
398  2.580757e+00  1.483653e+12
399  2.587241e+00  1.474012e+12
400  2.593725e+00  1.464359e+12
401  2.600209e+00  1.454694e+12
402  2.606694e+00  1.445021e+12
403  2.613178e+00  1.435337e+12
404  2.619663e+00  1.425648e+12
405  2.626147e+00  1.415954e+12
406  2.632631e+00  1.406251e+12
407  2.639115e+00  1.396548e+12
408  2.645600e+00  1.386839e+12
409  2.652084e+00  1.377130e+12
410  2.658568e+00  1.367418e+12
411  2.665053e+00  1.357707e+12
412  2.671537e+00  1.347997e+12
413  2.678021e+00  1.338289e+12
414  2.684505e+00  1.328583e+12
415  2.690990e+00  1.318883e+12
416  2.697474e+00  1.309186e+12
417  2.703959e+00  1.299497e+12
418  2.710443e+00  1.289813e+12
419  2.716927e+00  1.280139e+12
