# Detector:    LPD
# DateCreated: 2026-09-02T10:57:21

0    0.000000e+00  7.107884e+11
1    6.484304e-03  7.099245e+11
2    1.296861e-02  7.091157e+11
3    1.945291e-02  7.083620e+11
4    2.593722e-02  7.076645e+11
5    3.242152e-02  7.070205e+11
6    3.890583e-02  7.064318e+11
7    4.539013e-02  7.058982e+11
8    5.187443e-02  7.054191e+11
9    5.835874e-02  7.049949e+11
10   6.484304e-02  7.046265e+11
11   7.132734e-02  7.043114e+11
12   7.781165e-02  7.040521e+11
13   8.429595e-02  7.038475e+11
14   9.078026e-02  7.036976e+11
15   9.726456e-02  7.036026e+11
16   1.037489e-01  7.035621e+11
17   1.102332e-01  7.035760e+11
18   1.167175e-01  7.036436e+11
19   1.232018e-01  7.037675e+11
20   1.296861e-01  7.039446e+11
21   1.361704e-01  7.041758e+11
22   1.426547e-01  7.044610e+11
23   1.491390e-01  7.048027e+11
24   1.556233e-01  7.051957e+11
25   1.621076e-01  7.056441e+11
26   1.685919e-01  7.061477e+11
27   1.750762e-01  7.067042e+11
28   1.815605e-01  7.073149e+11
29   1.880448e-01  7.079774e+11
30   1.945291e-01  7.086950e+11
31   2.010134e-01  7.094663e+11
32   2.074977e-01  7.102921e+11
33   2.139820e-01  7.111706e+11
34   2.204663e-01  7.121005e+11
35   2.269506e-01  7.130850e+11
36   2.334349e-01  7.141235e+11
37   2.399192e-01  7.152138e+11
38   2.464036e-01  7.163566e+11
39   2.528878e-01  7.175523e+11
40   2.593722e-01  7.187990e+11
41   2.658565e-01  7.201001e+11
42   2.723408e-01  7.214532e+11
43   2.788251e-01  7.228581e+11
44   2.853094e-01  7.243147e+11
45   2.917937e-01  7.258217e+11
46   2.982780e-01  7.273811e+11
47   3.047623e-01  7.289935e+11
48   3.112466e-01  7.306559e+11
49   3.177309e-01  7.323685e+11
50   3.242152e-01  7.341324e+11
51   3.306995e-01  7.359469e+11
52   3.371838e-01  7.378113e+11
53   3.436681e-01  7.397276e+11
54   3.501524e-01  7.416917e+11
55   3.566367e-01  7.437078e+11
56   3.631210e-01  7.457720e+11
57   3.696053e-01  7.478862e+11
58   3.760896e-01  7.500479e+11
59   3.825739e-01  7.522601e+11
60   3.890582e-01  7.545198e+11
61   3.955426e-01  7.568284e+11
62   4.020269e-01  7.591863e+11
63   4.085112e-01  7.615897e+11
64   4.149955e-01  7.640427e+11
65   4.214798e-01  7.665420e+11
66   4.279641e-01  7.690874e+11
67   4.344484e-01  7.716805e+11
68   4.409327e-01  7.743209e+11
69   4.474170e-01  7.770053e+11
70   4.539013e-01  7.797368e+11
71   4.603856e-01  7.825141e+11
72   4.668699e-01  7.853351e+11
73   4.733542e-01  7.882015e+11
74   4.798385e-01  7.911134e+11
75   4.863228e-01  7.940692e+11
76   4.928071e-01  7.970675e+11
77   4.992914e-01  8.001109e+11
78   5.057757e-01  8.031965e+11
79   5.122600e-01  8.063246e+11
80   5.187443e-01  8.094952e+11
81   5.252286e-01  8.127079e+11
82   5.317129e-01  8.159624e+11
83   5.381972e-01  8.192575e+11
84   5.446815e-01  8.225936e+11
85   5.511658e-01  8.259705e+11
86   5.576501e-01  8.293883e+11
87   5.641345e-01  8.328430e+11
88   5.706187e-01  8.363394e+11
89   5.771031e-01  8.398731e+11
90   5.835873e-01  8.434469e+11
91   5.900717e-01  8.470563e+11
92   5.965559e-01  8.507047e+11
93   6.030403e-01  8.543879e+11
94   6.095246e-01  8.581091e+11
95   6.160089e-01  8.618662e+11
96   6.224932e-01  8.656604e+11
97   6.289775e-01  8.694883e+11
98   6.354618e-01  8.733500e+11
99   6.419461e-01  8.772461e+11
100  6.484304e-01  8.811765e+11
101  6.549147e-01  8.851390e+11
102  6.613990e-01  8.891341e+11
103  6.678833e-01  8.931629e+11
104  6.743676e-01  8.972203e+11
105  6.808519e-01  9.013105e+11
106  6.873362e-01  9.054311e+11
107  6.938205e-01  9.095814e+11
108  7.003049e-01  9.137606e+11
109  7.067891e-01  9.179696e+11
110  7.132735e-01  9.222064e+11
111  7.197577e-01  9.264698e+11
112  7.262421e-01  9.307608e+11
113  7.327263e-01  9.350802e+11
114  7.392107e-01  9.394238e+11
115  7.456950e-01  9.437921e+11
116  7.521793e-01  9.481844e+11
117  7.586636e-01  9.526025e+11
118  7.651479e-01  9.570450e+11
119  7.716322e-01  9.615087e+11
120  7.781165e-01  9.659935e+11
121  7.846008e-01  9.705014e+11
122  7.910851e-01  9.750307e+11
123  7.975694e-01  9.795783e+11
124  8.040537e-01  9.841485e+11
125  8.105380e-01  9.887355e+11
126  8.170223e-01  9.933421e+11
127  8.235066e-01  9.979655e+11
128  8.299909e-01  1.002607e+12
129  8.364753e-01  1.007263e+12
130  8.429595e-01  1.011935e+12
131  8.494439e-01  1.016624e+12
132  8.559281e-01  1.021327e+12
133  8.624125e-01  1.026042e+12
134  8.688967e-01  1.030770e+12
135  8.753811e-01  1.035512e+12
136  8.818654e-01  1.040265e+12
137  8.883497e-01  1.045028e+12
138  8.948340e-01  1.049799e+12
139  9.013183e-01  1.054583e+12
140  9.078026e-01  1.059375e+12
141  9.142869e-01  1.064174e+12
142  9.207712e-01  1.068980e+12
143  9.272555e-01  1.073794e+12
144  9.337398e-01  1.078611e+12
145  9.402241e-01  1.083437e+12
146  9.467084e-01  1.088264e+12
147  9.531927e-01  1.093096e+12
148  9.596770e-01  1.097929e+12
149  9.661613e-01  1.102766e+12
150  9.726456e-01  1.107604e+12
151  9.791299e-01  1.112442e+12
152  9.856142e-01  1.117280e+12
153  9.920985e-01  1.122116e+12
154  9.985828e-01  1.126950e+12
155  1.005067e+00  1.131783e+12
156  1.011551e+00  1.136612e+12
157  1.018036e+00  1.141437e+12
158  1.024520e+00  1.146256e+12
159  1.031004e+00  1.151071e+12
160  1.037489e+00  1.155878e+12
161  1.043973e+00  1.160679e+12
162  1.050457e+00  1.165471e+12
163  1.056942e+00  1.170256e+12
164  1.063426e+00  1.175030e+12
165  1.069910e+00  1.179793e+12
166  1.076394e+00  1.184546e+12
167  1.082879e+00  1.189287e+12
168  1.089363e+00  1.194014e+12
169  1.095847e+00  1.198729e+12
170  1.102332e+00  1.203427e+12
171  1.108816e+00  1.208114e+12
172  1.115300e+00  1.212783e+12
173  1.121785e+00  1.217435e+12
174  1.128269e+00  1.222068e+12
175  1.134753e+00  1.226685e+12
176  1.141237e+00  1.231283e+12
177  1.147722e+00  1.235862e+12
178  1.154206e+00  1.240418e+12
179  1.160690e+00  1.244953e+12
180  1.167175e+00  1.249467e+12
181  1.173659e+00  1.253957e+12
182  1.180143e+00  1.258425e+12
183  1.186628e+00  1.262867e+12
184  1.193112e+00  1.267282e+12
185  1.199596e+00  1.271675e+12
186  1.206081e+00  1.276037e+12
187  1.212565e+00  1.280373e+12
188  1.219049e+00  1.284683e+12
189  1.225533e+00  1.288960e+12
190  1.232018e+00  1.293208e+12
191  1.238502e+00  1.297426e+12
192  1.244986e+00  1.301615e+12
193  1.251471e+00  1.305769e+12
194  1.257955e+00  1.309888e+12
195  1.264439e+00  1.313977e+12
196  1.270924e+00  1.318030e+12
197  1.277408e+00  1.322047e+12
198  1.283892e+00  1.326030e+12
199  1.290377e+00  1.329975e+12
200  1.296861e+00  1.333883e+12
201  1.303345e+00  1.337752e+12
202  1.309829e+00  1.341582e+12
203  1.316314e+00  1.345375e+12
204  1.322798e+00  1.349124e+12
205  1.329282e+00  1.352833e+12
206  1.335767e+00  1.356502e+12
207  1.342251e+00  1.360128e+12
208  1.348735e+00  1.363711e+12
209  1.355220e+00  1.367251e+12
210  1.361704e+00  1.370745e+12
211  1.368188e+00  1.374194e+12
212  1.374672e+00  1.377597e+12
213  1.381157e+00  1.380954e+12
214  1.387641e+00  1.384265e+12
215  1.394125e+00  1.387528e+12
216  1.400610e+00  1.390741e+12
217  1.407094e+00  1.393907e+12
218  1.413578e+00  1.397021e+12
219  1.420063e+00  1.400087e+12
220  1.426547e+00  1.403101e+12
221  1.433031e+00  1.406065e+12
222  1.439515e+00  1.408977e+12
223  1.446000e+00  1.411832e+12
224  1.452484e+00  1.414639e+12
225  1.458968e+00  1.417389e+12
226  1.465453e+00  1.420085e+12
227  1.471937e+00  1.422728e+12
228  1.478421e+00  1.425314e+12
229  1.484906e+00  1.427845e+12
230  1.491390e+00  1.430318e+12
231  1.497874e+00  1.432735e+12
232  1.504359e+00  1.435092e+12
233  1.510843e+00  1.437395e+12
234  1.517327e+00  1.439636e+12
235  1.523811e+00  1.441820e+12
236  1.530296e+00  1.443944e+12
237  1.536780e+00  1.446006e+12
238  1.543264e+00  1.448009e+12
239  1.549749e+00  1.449951e+12
240  1.556233e+00  1.451832e+12
241  1.562717e+00  1.453651e+12
242  1.569202e+00  1.455409e+12
243  1.575686e+00  1.457101e+12
244  1.582170e+00  1.458732e+12
245  1.588655e+00  1.460302e+12
246  1.595139e+00  1.461804e+12
247  1.601623e+00  1.463245e+12
248  1.608107e+00  1.464618e+12
249  1.614592e+00  1.465928e+12
250  1.621076e+00  1.467173e+12
251  1.627560e+00  1.468353e+12
252  1.634045e+00  1.469467e+12
253  1.640529e+00  1.470514e+12
254  1.647013e+00  1.471493e+12
255  1.653498e+00  1.472408e+12
256  1.659982e+00  1.473256e+12
257  1.666466e+00  1.474035e+12
258  1.672951e+00  1.474748e+12
259  1.679435e+00  1.475392e+12
260  1.685919e+00  1.475968e+12
261  1.692403e+00  1.476475e+12
262  1.698888e+00  1.476915e+12
263  1.705372e+00  1.477286e+12
264  1.711856e+00  1.477589e+12
265  1.718341e+00  1.477821e+12
266  1.724825e+00  1.477986e+12
267  1.731309e+00  1.478080e+12
268  1.737793e+00  1.478106e+12
269  1.744278e+00  1.478063e+12
270  1.750762e+00  1.477947e+12
271  1.757246e+00  1.477765e+12
272  1.763731e+00  1.477510e+12
273  1.770215e+00  1.477188e+12
274  1.776699e+00  1.476794e+12
275  1.783184e+00  1.476332e+12
276  1.789668e+00  1.475797e+12
277  1.796152e+00  1.475194e+12
278  1.802637e+00  1.474519e+12
279  1.809121e+00  1.473775e+12
280  1.815605e+00  1.472961e+12
281  1.822089e+00  1.472077e+12
282  1.828574e+00  1.471124e+12
283  1.835058e+00  1.470099e+12
284  1.841542e+00  1.469004e+12
285  1.848027e+00  1.467840e+12
286  1.854511e+00  1.466606e+12
287  1.860995e+00  1.465302e+12
288  1.867480e+00  1.463928e+12
289  1.873964e+00  1.462485e+12
290  1.880448e+00  1.460972e+12
291  1.886932e+00  1.459392e+12
292  1.893417e+00  1.457740e+12
293  1.899901e+00  1.456021e+12
294  1.906385e+00  1.454230e+12
295  1.912870e+00  1.452374e+12
296  1.919354e+00  1.450448e+12
297  1.925838e+00  1.448452e+12
298  1.932323e+00  1.446390e+12
299  1.938807e+00  1.444259e+12
300  1.945291e+00  1.442061e+12
301  1.951776e+00  1.439797e+12
302  1.958260e+00  1.437465e+12
303  1.964744e+00  1.435065e+12
304  1.971228e+00  1.432599e+12
305  1.977713e+00  1.430068e+12
306  1.984197e+00  1.427470e+12
307  1.990681e+00  1.424806e+12
308  1.997166e+00  1.422078e+12
309  2.003650e+00  1.419285e+12
310  2.010134e+00  1.416426e+12
311  2.016618e+00  1.413502e+12
312  2.023103e+00  1.410516e+12
313  2.029587e+00  1.407465e+12
314  2.036072e+00  1.404353e+12
315  2.042556e+00  1.401175e+12
316  2.049040e+00  1.397937e+12
317  2.055524e+00  1.394636e+12
318  2.062009e+00  1.391274e+12
319  2.068493e+00  1.387851e+12
320  2.074977e+00  1.384366e+12
321  2.081462e+00  1.380822e+12
322  2.087946e+00  1.377219e+12
323  2.094430e+00  1.373556e+12
324  2.100914e+00  1.369835e+12
325  2.107399e+00  1.366053e+12
326  2.113883e+00  1.362216e+12
327  2.120368e+00  1.358320e+12
328  2.126852e+00  1.354366e+12
329  2.133336e+00  1.350358e+12
330  2.139820e+00  1.346293e+12
331  2.146305e+00  1.342173e+12
332  2.152789e+00  1.337999e+12
333  2.159273e+00  1.333772e+12
334  2.165758e+00  1.329490e+12
335  2.172242e+00  1.325153e+12
336  2.178726e+00  1.320765e+12
337  2.185210e+00  1.316326e+12
338  2.191695e+00  1.311837e+12
339  2.198179e+00  1.307295e+12
340  2.204663e+00  1.302704e+12
341  2.211148e+00  1.298063e+12
342  2.217632e+00  1.293371e+12
343  2.224116e+00  1.288633e+12
344  2.230601e+00  1.283848e+12
345  2.237085e+00  1.279014e+12
346  2.243569e+00  1.274135e+12
347  2.250053e+00  1.269212e+12
348  2.256538e+00  1.264240e+12
349  2.263022e+00  1.259227e+12
350  2.269506e+00  1.254169e+12
351  2.275991e+00  1.249066e+12
352  2.282475e+00  1.243925e+12
353  2.288959e+00  1.238738e+12
354  2.295444e+00  1.233513e+12
355  2.301928e+00  1.228245e+12
356  2.308412e+00  1.222940e+12
357  2.314897e+00  1.217593e+12
358  2.321381e+00  1.212211e+12
359  2.327865e+00  1.206788e+12
360  2.334349e+00  1.201330e+12
361  2.340834e+00  1.195837e+12
362  2.347318e+00  1.190306e+12
363  2.353802e+00  1.184742e+12
364  2.360287e+00  1.179144e+12
365  2.366771e+00  1.173512e+12
366  2.373255e+00  1.167847e+12
367  2.379740e+00  1.162150e+12
368  2.386224e+00  1.156423e+12
369  2.392708e+00  1.150665e+12
370  2.399193e+00  1.144877e+12
371  2.405677e+00  1.139060e+12
372  2.412161e+00  1.133216e+12
373  2.418645e+00  1.127344e+12
374  2.425130e+00  1.121445e+12
375  2.431614e+00  1.115518e+12
376  2.438098e+00  1.109569e+12
377  2.444583e+00  1.103593e+12
378  2.451067e+00  1.097595e+12
379  2.457551e+00  1.091573e+12
380  2.464036e+00  1.085529e+12
381  2.470520e+00  1.079462e+12
382  2.477004e+00  1.073376e+12
383  2.483489e+00  1.067269e+12
384  2.489973e+00  1.061142e+12
385  2.496457e+00  1.054999e+12
386  2.502941e+00  1.048837e+12
387  2.509426e+00  1.042657e+12
388  2.515910e+00  1.036461e+12
389  2.522394e+00  1.030249e+12
390  2.528879e+00  1.024023e+12
391  2.535363e+00  1.017781e+12
392  2.541847e+00  1.011528e+12
393  2.548331e+00  1.005261e+12
394  2.554816e+00  9.989811e+11
395  2.561300e+00  9.926914e+11
396  2.567784e+00  9.863899e+11
397  2.574269e+00  9.800788e+11
398  2.580753e+00  9.737597e+11
399  2.587237e+00  9.674321e+11
400  2.593722e+00  9.610953e+11
401  2.600206e+00  9.547532e+11
402  2.606690e+00  9.484028e+11
403  2.613174e+00  9.420489e+11
404  2.619659e+00  9.356902e+11
405  2.626143e+00  9.293250e+11
406  2.632627e+00  9.229599e+11
407  2.639112e+00  9.165900e+11
408  2.645596e+00  9.102178e+11
409  2.652080e+00  9.038436e+11
410  2.658565e+00  8.974701e+11
411  2.665049e+00  8.910979e+11
412  2.671533e+00  8.847238e+11
413  2.678018e+00  8.783534e+11
414  2.684502e+00  8.719825e+11
415  2.690986e+00  8.656158e+11
416  2.697470e+00  8.592534e+11
417  2.703955e+00  8.528930e+11
418  2.710439e+00  8.465378e+11
419  2.716923e+00  8.401890e+11
