%%   80.00000   0.00000    0   4.50000
% LAB  survey ------------------
% wanted position:  l, b, RA, DEC, and interpolated  NH
% 80.00 ;   0.00 ; 308.97 ;  40.66 ;  0.914E+22
% nearest position: l, b, RA, DEC, and observed NH
% 80.00 ;   0.00 ; 308.97 ;  40.66 ;  0.914E+22
% GASS III survey --------------
% NH - median within 6 arcmin radius   0.00    
% NH - mean within specified beam      0.00    
% EBHIS survey -----------------
% NH  within specified beam           0.936E+22
%%EBHIS   621  datapoints: v_lsr [km/s] and T_B [K]
    -399.25     0.008
    -397.96     0.001
    -396.68    -0.004
    -395.39    -0.007
    -394.10    -0.010
    -392.81    -0.006
    -391.52    -0.001
    -390.23    -0.001
    -388.95     0.015
    -387.66     0.008
    -386.37     0.009
    -385.08     0.008
    -383.79     0.005
    -382.50     0.004
    -381.22     0.016
    -379.93     0.016
    -378.64     0.007
    -377.35     0.012
    -376.06     0.016
    -374.78     0.009
    -373.49     0.008
    -372.20     0.004
    -370.91     0.003
    -369.62     0.000
    -368.33     0.006
    -367.05     0.004
    -365.76     0.001
    -364.47     0.007
    -363.18     0.006
    -361.89    -0.010
    -360.60    -0.008
    -359.32    -0.011
    -358.03    -0.004
    -356.74     0.002
    -355.45    -0.002
    -354.16    -0.004
    -352.88    -0.004
    -351.59     0.002
    -350.30     0.002
    -349.01    -0.005
    -347.72     0.010
    -346.43     0.015
    -345.15     0.004
    -343.86    -0.001
    -342.57     0.001
    -341.28    -0.000
    -339.99    -0.003
    -338.70    -0.002
    -337.42    -0.010
    -336.13    -0.014
    -334.84    -0.011
    -333.55    -0.013
    -332.26    -0.010
    -330.98    -0.012
    -329.69    -0.006
    -328.40    -0.001
    -327.11    -0.001
    -325.82     0.001
    -324.53     0.001
    -323.25     0.001
    -321.96     0.001
    -320.67     0.004
    -319.38     0.012
    -318.09     0.011
    -316.80     0.003
    -315.52    -0.000
    -314.23    -0.008
    -312.94    -0.005
    -311.65     0.000
    -310.36    -0.000
    -309.08    -0.001
    -307.79    -0.006
    -306.50    -0.000
    -305.21     0.005
    -303.92    -0.003
    -302.63    -0.005
    -301.35     0.003
    -300.06     0.003
    -298.77     0.003
    -297.48    -0.004
    -296.19    -0.007
    -294.90     0.000
    -293.62    -0.007
    -292.33    -0.005
    -291.04     0.004
    -289.75     0.002
    -288.46    -0.004
    -287.18    -0.006
    -285.89    -0.006
    -284.60    -0.004
    -283.31    -0.003
    -282.02    -0.005
    -280.73    -0.006
    -279.45     0.002
    -278.16    -0.005
    -276.87     0.001
    -275.58    -0.010
    -274.29    -0.008
    -273.00    -0.002
    -271.72     0.006
    -270.43    -0.001
    -269.14     0.002
    -267.85     0.001
    -266.56     0.004
    -265.28     0.001
    -263.99     0.005
    -262.70     0.013
    -261.41     0.008
    -260.12     0.008
    -258.83     0.008
    -257.55    -0.001
    -256.26     0.002
    -254.97     0.010
    -253.68     0.005
    -252.39     0.006
    -251.10     0.011
    -249.82     0.019
    -248.53     0.019
    -247.24     0.006
    -245.95     0.010
    -244.66     0.003
    -243.38     0.001
    -242.09     0.006
    -240.80     0.006
    -239.51     0.004
    -238.22     0.007
    -236.93     0.007
    -235.65     0.015
    -234.36     0.017
    -233.07     0.008
    -231.78     0.010
    -230.49     0.008
    -229.20     0.003
    -227.92     0.005
    -226.63     0.002
    -225.34     0.005
    -224.05     0.008
    -222.76     0.003
    -221.48     0.007
    -220.19     0.002
    -218.90    -0.002
    -217.61     0.002
    -216.32     0.000
    -215.03     0.002
    -213.75     0.009
    -212.46     0.008
    -211.17     0.006
    -209.88    -0.004
    -208.59    -0.002
    -207.30    -0.002
    -206.02    -0.002
    -204.73     0.001
    -203.44     0.000
    -202.15    -0.003
    -200.86    -0.000
    -199.58     0.001
    -198.29     0.003
    -197.00     0.003
    -195.71    -0.007
    -194.42     0.006
    -193.13     0.003
    -191.85    -0.001
    -190.56     0.001
    -189.27     0.002
    -187.98     0.008
    -186.69     0.006
    -185.40     0.007
    -184.12     0.011
    -182.83     0.005
    -181.54     0.004
    -180.25     0.003
    -178.96     0.002
    -177.68    -0.003
    -176.39    -0.005
    -175.10    -0.000
    -173.81    -0.001
    -172.52     0.001
    -171.23    -0.000
    -169.95     0.003
    -168.66    -0.001
    -167.37     0.005
    -166.08     0.007
    -164.79     0.010
    -163.50     0.019
    -162.22     0.013
    -160.93     0.013
    -159.64     0.022
    -158.35     0.027
    -157.06     0.032
    -155.78     0.038
    -154.49     0.051
    -153.20     0.057
    -151.91     0.071
    -150.62     0.070
    -149.33     0.079
    -148.05     0.099
    -146.76     0.109
    -145.47     0.125
    -144.18     0.147
    -142.89     0.167
    -141.60     0.200
    -140.32     0.226
    -139.03     0.260
    -137.74     0.292
    -136.45     0.325
    -135.16     0.377
    -133.88     0.426
    -132.59     0.471
    -131.30     0.527
    -130.01     0.582
    -128.72     0.632
    -127.43     0.685
    -126.15     0.734
    -124.86     0.790
    -123.57     0.862
    -122.28     0.943
    -120.99     1.042
    -119.70     1.170
    -118.42     1.286
    -117.13     1.392
    -115.84     1.487
    -114.55     1.603
    -113.26     1.740
    -111.98     1.894
    -110.69     2.105
    -109.40     2.377
    -108.11     2.690
    -106.82     2.982
    -105.53     3.232
    -104.25     3.450
    -102.96     3.697
    -101.67     3.993
    -100.38     4.436
     -99.09     5.036
     -97.80     5.867
     -96.52     6.831
     -95.23     8.022
     -93.94     9.517
     -92.65    11.202
     -91.36    12.841
     -90.08    14.312
     -88.79    15.677
     -87.50    17.143
     -86.21    18.683
     -84.92    20.271
     -83.63    21.811
     -82.35    23.172
     -81.06    24.380
     -79.77    25.477
     -78.48    26.733
     -77.19    28.132
     -75.90    29.666
     -74.62    31.325
     -73.33    32.905
     -72.04    34.130
     -70.75    35.157
     -69.46    35.650
     -68.18    35.709
     -66.89    35.179
     -65.60    34.017
     -64.31    32.314
     -63.02    29.969
     -61.73    27.325
     -60.45    24.607
     -59.16    22.145
     -57.87    20.152
     -56.58    18.845
     -55.29    18.261
     -54.00    18.330
     -52.72    19.127
     -51.43    20.612
     -50.14    22.841
     -48.85    25.400
     -47.56    28.148
     -46.28    30.585
     -44.99    32.593
     -43.70    34.366
     -42.41    35.364
     -41.12    35.687
     -39.83    35.422
     -38.55    35.143
     -37.26    34.866
     -35.97    34.649
     -34.68    34.154
     -33.39    33.263
     -32.10    32.068
     -30.82    30.587
     -29.53    29.004
     -28.24    27.498
     -26.95    26.373
     -25.66    25.631
     -24.38    25.258
     -23.09    25.328
     -21.80    25.884
     -20.51    26.762
     -19.22    27.993
     -17.93    29.645
     -16.65    31.990
     -15.36    35.409
     -14.07    40.146
     -12.78    46.326
     -11.49    53.844
     -10.20    61.932
      -8.92    69.748
      -7.63    76.852
      -6.34    82.434
      -5.05    86.980
      -3.76    90.320
      -2.48    92.691
      -1.19    94.059
       0.10    94.687
       1.39    95.497
       2.68    97.007
       3.97    97.909
       5.25    97.757
       6.54    97.884
       7.83    98.624
       9.12    98.240
      10.41    96.446
      11.70    92.189
      12.98    84.941
      14.27    75.608
      15.56    64.771
      16.85    53.231
      18.14    42.231
      19.42    32.687
      20.71    25.037
      22.00    19.061
      23.29    14.518
      24.58    11.267
      25.87     8.863
      27.15     7.075
      28.44     5.711
      29.73     4.611
      31.02     3.708
      32.31     3.014
      33.60     2.415
      34.88     1.942
      36.17     1.566
      37.46     1.257
      38.75     1.022
      40.04     0.828
      41.32     0.679
      42.61     0.567
      43.90     0.466
      45.19     0.398
      46.48     0.331
      47.77     0.279
      49.05     0.234
      50.34     0.195
      51.63     0.160
      52.92     0.125
      54.21     0.105
      55.50     0.080
      56.78     0.058
      58.07     0.045
      59.36     0.034
      60.65     0.027
      61.94     0.016
      63.22     0.011
      64.51     0.005
      65.80     0.011
      67.09     0.009
      68.38    -0.002
      69.67    -0.001
      70.95     0.003
      72.24    -0.001
      73.53     0.004
      74.82     0.011
      76.11     0.011
      77.40     0.007
      78.68     0.010
      79.97     0.013
      81.26     0.006
      82.55     0.006
      83.84     0.006
      85.12     0.009
      86.41     0.011
      87.70     0.017
      88.99     0.020
      90.28     0.015
      91.57     0.021
      92.85     0.037
      94.14     0.033
      95.43     0.026
      96.72     0.021
      98.01     0.019
      99.30     0.005
     100.58     0.007
     101.87     0.005
     103.16     0.000
     104.45     0.005
     105.74    -0.002
     107.02    -0.000
     108.31     0.017
     109.60     0.014
     110.89     0.004
     112.18     0.011
     113.47     0.013
     114.75     0.003
     116.04     0.001
     117.33     0.002
     118.62     0.005
     119.91    -0.001
     121.20     0.004
     122.48     0.010
     123.77     0.009
     125.06     0.007
     126.35     0.007
     127.64     0.003
     128.92     0.006
     130.21     0.006
     131.50     0.004
     132.79     0.009
     134.08     0.002
     135.37    -0.003
     136.65    -0.005
     137.94     0.001
     139.23    -0.008
     140.52    -0.007
     141.81    -0.005
     143.09    -0.004
     144.38    -0.011
     145.67    -0.001
     146.96    -0.016
     148.25    -0.009
     149.54    -0.009
     150.82    -0.009
     152.11    -0.008
     153.40    -0.011
     154.69    -0.009
     155.98    -0.003
     157.27    -0.008
     158.55    -0.003
     159.84    -0.002
     161.13     0.007
     162.42     0.002
     163.71    -0.003
     164.99    -0.007
     166.28     0.003
     167.57     0.001
     168.86     0.002
     170.15     0.004
     171.44     0.004
     172.72     0.001
     174.01    -0.003
     175.30    -0.001
     176.59    -0.001
     177.88    -0.003
     179.17    -0.006
     180.45    -0.004
     181.74    -0.004
     183.03     0.001
     184.32     0.001
     185.61     0.003
     186.89     0.004
     188.18     0.003
     189.47     0.009
     190.76     0.005
     192.05     0.000
     193.34     0.000
     194.62     0.000
     195.91     0.000
     197.20     0.002
     198.49     0.001
     199.78    -0.003
     201.07    -0.007
     202.35    -0.005
     203.64    -0.005
     204.93    -0.005
     206.22    -0.006
     207.51    -0.008
     208.79    -0.004
     210.08    -0.011
     211.37    -0.003
     212.66    -0.012
     213.95    -0.015
     215.24    -0.012
     216.52    -0.010
     217.81    -0.013
     219.10    -0.009
     220.39    -0.010
     221.68    -0.005
     222.97    -0.002
     224.25     0.003
     225.54    -0.001
     226.83    -0.009
     228.12    -0.008
     229.41    -0.005
     230.69    -0.003
     231.98    -0.004
     233.27    -0.003
     234.56     0.004
     235.85     0.009
     237.14     0.017
     238.42     0.004
     239.71     0.005
     241.00     0.004
     242.29     0.015
     243.58     0.009
     244.87     0.010
     246.15     0.016
     247.44     0.014
     248.73     0.016
     250.02     0.007
     251.31     0.014
     252.59     0.014
     253.88     0.014
     255.17     0.016
     256.46     0.008
     257.75     0.005
     259.04     0.003
     260.32    -0.005
     261.61     0.004
     262.90     0.002
     264.19     0.000
     265.48     0.001
     266.77     0.004
     268.05     0.001
     269.34     0.001
     270.63    -0.004
     271.92    -0.002
     273.21    -0.004
     274.49    -0.001
     275.78     0.000
     277.07    -0.006
     278.36    -0.008
     279.65    -0.007
     280.94    -0.006
     282.22    -0.004
     283.51     0.003
     284.80    -0.002
     286.09    -0.009
     287.38    -0.004
     288.67     0.002
     289.95     0.002
     291.24     0.000
     292.53     0.007
     293.82     0.003
     295.11     0.002
     296.39     0.005
     297.68     0.004
     298.97     0.009
     300.26     0.015
     301.55     0.019
     302.84     0.019
     304.12     0.025
     305.41     0.022
     306.70     0.012
     307.99     0.012
     309.28     0.005
     310.57     0.005
     311.85     0.003
     313.14     0.004
     314.43     0.008
     315.72    -0.000
     317.01     0.004
     318.29    -0.002
     319.58     0.001
     320.87    -0.003
     322.16     0.002
     323.45     0.001
     324.74     0.002
     326.02    -0.004
     327.31     0.002
     328.60     0.001
     329.89    -0.002
     331.18    -0.003
     332.47    -0.002
     333.75     0.002
     335.04    -0.004
     336.33    -0.017
     337.62    -0.012
     338.91    -0.012
     340.19    -0.011
     341.48    -0.014
     342.77    -0.014
     344.06    -0.011
     345.35    -0.013
     346.64    -0.018
     347.92    -0.014
     349.21    -0.010
     350.50    -0.002
     351.79     0.001
     353.08     0.001
     354.37     0.001
     355.65     0.010
     356.94     0.012
     358.23     0.009
     359.52     0.009
     360.81     0.014
     362.09     0.008
     363.38     0.009
     364.67     0.012
     365.96     0.008
     367.25     0.001
     368.54    -0.000
     369.82    -0.002
     371.11    -0.000
     372.40     0.001
     373.69     0.005
     374.98    -0.003
     376.27    -0.004
     377.55    -0.004
     378.84    -0.007
     380.13    -0.006
     381.42    -0.002
     382.71     0.003
     383.99    -0.005
     385.28    -0.003
     386.57     0.002
     387.86     0.005
     389.15     0.000
     390.44     0.004
     391.72    -0.008
     393.01    -0.008
     394.30     0.000
     395.59    -0.001
     396.88    -0.003
     398.17     0.002
     399.45     0.007
%%GASS      0  datapoints: v_lsr [km/s] and T_B [K]
%%LAB     777  datapoints: v_lsr [km/s] and T_B [K]
    -399.83    -0.003
    -398.80    -0.009
    -397.77    -0.005
    -396.73     0.005
    -395.70     0.006
    -394.67    -0.000
    -393.64     0.000
    -392.61     0.003
    -391.58    -0.003
    -390.55    -0.009
    -389.52    -0.003
    -388.49     0.002
    -387.46    -0.001
    -386.43    -0.006
    -385.40    -0.007
    -384.37     0.000
    -383.34     0.003
    -382.31    -0.004
    -381.28    -0.011
    -380.25    -0.015
    -379.22    -0.008
    -378.19     0.007
    -377.16     0.015
    -376.13     0.019
    -375.09     0.021
    -374.06     0.016
    -373.03     0.004
    -372.00    -0.000
    -370.97     0.003
    -369.94    -0.003
    -368.91    -0.008
    -367.88    -0.004
    -366.85    -0.005
    -365.82    -0.009
    -364.79    -0.008
    -363.76    -0.009
    -362.73    -0.011
    -361.70    -0.003
    -360.67     0.008
    -359.64     0.008
    -358.61     0.003
    -357.58     0.002
    -356.55    -0.004
    -355.52    -0.009
    -354.49    -0.004
    -353.45     0.001
    -352.42    -0.001
    -351.39    -0.014
    -350.36    -0.019
    -349.33    -0.009
    -348.30    -0.002
    -347.27     0.000
    -346.24    -0.002
    -345.21     0.001
    -344.18     0.012
    -343.15     0.014
    -342.12     0.008
    -341.09     0.008
    -340.06     0.010
    -339.03     0.006
    -338.00     0.002
    -336.97    -0.002
    -335.94    -0.004
    -334.91    -0.003
    -333.88    -0.004
    -332.85    -0.009
    -331.81    -0.009
    -330.78    -0.010
    -329.75    -0.012
    -328.72     0.000
    -327.69     0.011
    -326.66     0.008
    -325.63     0.006
    -324.60     0.007
    -323.57     0.003
    -322.54     0.002
    -321.51     0.005
    -320.48     0.005
    -319.45     0.000
    -318.42    -0.004
    -317.39     0.001
    -316.36     0.007
    -315.33     0.012
    -314.30     0.013
    -313.27     0.011
    -312.24     0.010
    -311.21     0.014
    -310.17     0.022
    -309.14     0.029
    -308.11     0.027
    -307.08     0.020
    -306.05     0.017
    -305.02     0.016
    -303.99     0.007
    -302.96     0.002
    -301.93     0.004
    -300.90     0.005
    -299.87     0.013
    -298.84     0.018
    -297.81     0.013
    -296.78     0.008
    -295.75     0.003
    -294.72    -0.005
    -293.69    -0.009
    -292.66    -0.008
    -291.63    -0.003
    -290.60     0.004
    -289.57     0.004
    -288.53    -0.002
    -287.50     0.001
    -286.47     0.008
    -285.44     0.008
    -284.41     0.008
    -283.38     0.005
    -282.35     0.003
    -281.32     0.003
    -280.29     0.003
    -279.26     0.002
    -278.23     0.002
    -277.20     0.002
    -276.17    -0.001
    -275.14     0.001
    -274.11    -0.003
    -273.08    -0.012
    -272.05    -0.009
    -271.02    -0.002
    -269.99     0.008
    -268.96     0.011
    -267.92     0.004
    -266.89     0.005
    -265.86     0.008
    -264.83     0.005
    -263.80     0.008
    -262.77     0.013
    -261.74     0.011
    -260.71     0.009
    -259.68     0.010
    -258.65     0.013
    -257.62     0.017
    -256.59     0.017
    -255.56     0.014
    -254.53     0.015
    -253.50     0.018
    -252.47     0.013
    -251.44     0.007
    -250.41     0.014
    -249.38     0.018
    -248.35     0.012
    -247.32     0.008
    -246.28     0.007
    -245.25     0.013
    -244.22     0.014
    -243.19     0.008
    -242.16     0.009
    -241.13     0.014
    -240.10     0.007
    -239.07    -0.008
    -238.04    -0.010
    -237.01    -0.005
    -235.98    -0.003
    -234.95     0.001
    -233.92     0.007
    -232.89     0.008
    -231.86     0.008
    -230.83     0.010
    -229.80     0.012
    -228.77     0.013
    -227.74     0.014
    -226.71     0.008
    -225.68     0.003
    -224.64     0.008
    -223.61     0.010
    -222.58     0.005
    -221.55     0.003
    -220.52     0.006
    -219.49     0.008
    -218.46     0.013
    -217.43     0.018
    -216.40     0.017
    -215.37     0.017
    -214.34     0.024
    -213.31     0.028
    -212.28     0.022
    -211.25     0.010
    -210.22     0.005
    -209.19     0.010
    -208.16     0.011
    -207.13     0.008
    -206.10     0.008
    -205.07     0.007
    -204.04     0.005
    -203.00     0.009
    -201.97     0.016
    -200.94     0.015
    -199.91     0.012
    -198.88     0.014
    -197.85     0.016
    -196.82     0.012
    -195.79     0.005
    -194.76     0.003
    -193.73     0.003
    -192.70     0.005
    -191.67     0.007
    -190.64     0.006
    -189.61     0.007
    -188.58     0.011
    -187.55     0.012
    -186.52     0.013
    -185.49     0.018
    -184.46     0.019
    -183.43     0.014
    -182.40     0.015
    -181.36     0.017
    -180.33     0.019
    -179.30     0.018
    -178.27     0.017
    -177.24     0.018
    -176.21     0.017
    -175.18     0.013
    -174.15     0.011
    -173.12     0.012
    -172.09     0.015
    -171.06     0.018
    -170.03     0.021
    -169.00     0.021
    -167.97     0.018
    -166.94     0.014
    -165.91     0.013
    -164.88     0.015
    -163.85     0.019
    -162.82     0.019
    -161.79     0.016
    -160.75     0.014
    -159.72     0.013
    -158.69     0.017
    -157.66     0.028
    -156.63     0.034
    -155.60     0.036
    -154.57     0.044
    -153.54     0.050
    -152.51     0.052
    -151.48     0.053
    -150.45     0.060
    -149.42     0.072
    -148.39     0.087
    -147.36     0.104
    -146.33     0.118
    -145.30     0.129
    -144.27     0.150
    -143.24     0.173
    -142.21     0.190
    -141.18     0.207
    -140.15     0.223
    -139.11     0.247
    -138.08     0.279
    -137.05     0.305
    -136.02     0.334
    -134.99     0.377
    -133.96     0.423
    -132.93     0.462
    -131.90     0.499
    -130.87     0.537
    -129.84     0.576
    -128.81     0.619
    -127.78     0.666
    -126.75     0.707
    -125.72     0.744
    -124.69     0.791
    -123.66     0.847
    -122.63     0.903
    -121.60     0.967
    -120.57     1.049
    -119.54     1.145
    -118.51     1.236
    -117.47     1.324
    -116.44     1.413
    -115.41     1.505
    -114.38     1.603
    -113.35     1.709
    -112.32     1.832
    -111.29     1.985
    -110.26     2.173
    -109.23     2.393
    -108.20     2.637
    -107.17     2.873
    -106.14     3.088
    -105.11     3.284
    -104.08     3.460
    -103.05     3.640
    -102.02     3.869
    -100.99     4.171
     -99.96     4.571
     -98.93     5.091
     -97.90     5.743
     -96.87     6.523
     -95.83     7.434
     -94.80     8.509
     -93.77     9.748
     -92.74    11.092
     -91.71    12.445
     -90.68    13.719
     -89.65    14.906
     -88.62    16.055
     -87.59    17.227
     -86.56    18.466
     -85.53    19.759
     -84.50    21.061
     -83.47    22.315
     -82.44    23.461
     -81.41    24.486
     -80.38    25.432
     -79.35    26.370
     -78.32    27.387
     -77.29    28.526
     -76.26    29.771
     -75.23    31.091
     -74.19    32.435
     -73.16    33.723
     -72.13    34.863
     -71.10    35.783
     -70.07    36.447
     -69.04    36.805
     -68.01    36.792
     -66.98    36.375
     -65.95    35.547
     -64.92    34.297
     -63.89    32.630
     -62.86    30.606
     -61.83    28.362
     -60.80    26.080
     -59.77    23.905
     -58.74    21.978
     -57.71    20.432
     -56.68    19.329
     -55.65    18.696
     -54.62    18.545
     -53.58    18.851
     -52.55    19.611
     -51.52    20.858
     -50.49    22.569
     -49.46    24.621
     -48.43    26.843
     -47.40    29.070
     -46.37    31.146
     -45.34    32.965
     -44.31    34.487
     -43.28    35.650
     -42.25    36.386
     -41.22    36.692
     -40.19    36.644
     -39.16    36.388
     -38.13    36.099
     -37.10    35.877
     -36.07    35.638
     -35.04    35.242
     -34.01    34.603
     -32.98    33.696
     -31.94    32.578
     -30.91    31.312
     -29.88    29.956
     -28.85    28.612
     -27.82    27.405
     -26.79    26.441
     -25.76    25.762
     -24.73    25.353
     -23.70    25.210
     -22.67    25.338
     -21.64    25.754
     -20.61    26.440
     -19.58    27.352
     -18.55    28.518
     -17.52    30.063
     -16.49    32.149
     -15.46    34.934
     -14.43    38.559
     -13.40    43.126
     -12.37    48.621
     -11.34    54.838
     -10.30    61.419
      -9.27    67.942
      -8.24    74.056
      -7.21    79.514
      -6.18    84.122
      -5.15    87.849
      -4.12    90.794
      -3.09    93.019
      -2.06    94.572
      -1.03    95.583
       0.00    96.240
       1.03    96.830
       2.06    97.695
       3.09    98.750
       4.12    99.410
       5.15    99.429
       6.18    99.444
       7.21    99.928
       8.24   100.311
       9.27    99.913
      10.30    98.447
      11.34    95.578
      12.37    90.902
      13.40    84.415
      14.43    76.582
      15.46    67.843
      16.49    58.570
      17.52    49.306
      18.55    40.645
      19.58    33.022
      20.61    26.594
      21.64    21.305
      22.67    17.052
      23.70    13.706
      24.73    11.109
      25.76     9.091
      26.79     7.496
      27.82     6.214
      28.85     5.170
      29.88     4.303
      30.91     3.579
      31.94     2.979
      32.98     2.486
      34.01     2.078
      35.04     1.736
      36.07     1.458
      37.10     1.235
      38.13     1.053
      39.16     0.904
      40.19     0.776
      41.22     0.669
      42.25     0.579
      43.28     0.505
      44.31     0.447
      45.34     0.400
      46.37     0.352
      47.40     0.304
      48.43     0.269
      49.46     0.237
      50.49     0.203
      51.52     0.179
      52.55     0.161
      53.58     0.146
      54.62     0.133
      55.65     0.120
      56.68     0.107
      57.71     0.093
      58.74     0.083
      59.77     0.075
      60.80     0.067
      61.83     0.058
      62.86     0.052
      63.89     0.055
      64.92     0.056
      65.95     0.053
      66.98     0.049
      68.01     0.048
      69.04     0.054
      70.07     0.051
      71.10     0.042
      72.13     0.042
      73.16     0.043
      74.19     0.039
      75.23     0.031
      76.26     0.028
      77.29     0.030
      78.32     0.032
      79.35     0.035
      80.38     0.036
      81.41     0.041
      82.44     0.042
      83.47     0.032
      84.50     0.027
      85.53     0.028
      86.56     0.029
      87.59     0.033
      88.62     0.031
      89.65     0.024
      90.68     0.026
      91.71     0.026
      92.74     0.019
      93.77     0.020
      94.80     0.026
      95.83     0.033
      96.87     0.041
      97.90     0.043
      98.93     0.043
      99.96     0.044
     100.99     0.038
     102.02     0.035
     103.05     0.034
     104.08     0.027
     105.11     0.033
     106.14     0.042
     107.17     0.033
     108.20     0.026
     109.23     0.027
     110.26     0.029
     111.29     0.028
     112.32     0.023
     113.35     0.024
     114.38     0.031
     115.41     0.031
     116.44     0.026
     117.47     0.021
     118.51     0.020
     119.54     0.024
     120.57     0.023
     121.60     0.020
     122.63     0.015
     123.66     0.010
     124.69     0.011
     125.72     0.012
     126.75     0.006
     127.78    -0.003
     128.81    -0.011
     129.84    -0.016
     130.87    -0.019
     131.90    -0.013
     132.93    -0.004
     133.96    -0.010
     134.99    -0.021
     136.02    -0.023
     137.05    -0.023
     138.08    -0.021
     139.11    -0.022
     140.15    -0.026
     141.18    -0.028
     142.21    -0.028
     143.24    -0.023
     144.27    -0.018
     145.30    -0.014
     146.33    -0.011
     147.36    -0.015
     148.39    -0.013
     149.42    -0.007
     150.45    -0.011
     151.48    -0.012
     152.51    -0.002
     153.54     0.008
     154.57     0.011
     155.60     0.007
     156.63     0.001
     157.66     0.001
     158.69     0.010
     159.72     0.012
     160.75     0.006
     161.79     0.008
     162.82     0.014
     163.85     0.008
     164.88     0.004
     165.91     0.008
     166.94     0.009
     167.97     0.009
     169.00     0.011
     170.03     0.009
     171.06     0.008
     172.09     0.010
     173.12     0.013
     174.15     0.009
     175.18     0.003
     176.21     0.010
     177.24     0.016
     178.27     0.012
     179.30     0.014
     180.33     0.014
     181.36     0.007
     182.40     0.004
     183.43     0.005
     184.46     0.007
     185.49     0.012
     186.52     0.014
     187.55     0.011
     188.58     0.005
     189.61     0.003
     190.64     0.006
     191.67     0.005
     192.70     0.003
     193.73     0.012
     194.76     0.024
     195.79     0.027
     196.82     0.024
     197.85     0.026
     198.88     0.025
     199.91     0.013
     200.94     0.013
     201.97     0.021
     203.00     0.013
     204.04     0.003
     205.07     0.001
     206.10     0.003
     207.13     0.001
     208.16    -0.003
     209.19    -0.003
     210.22    -0.004
     211.25    -0.008
     212.28    -0.007
     213.31    -0.002
     214.34     0.004
     215.37     0.003
     216.40    -0.001
     217.43    -0.004
     218.46    -0.004
     219.49     0.001
     220.52     0.001
     221.55     0.003
     222.58     0.011
     223.61     0.012
     224.64     0.007
     225.68     0.009
     226.71     0.009
     227.74     0.006
     228.77     0.005
     229.80     0.003
     230.83     0.000
     231.86    -0.004
     232.89    -0.004
     233.92    -0.000
     234.95     0.000
     235.98     0.007
     237.01     0.016
     238.04     0.018
     239.07     0.013
     240.10     0.006
     241.13     0.011
     242.16     0.017
     243.19     0.011
     244.22    -0.000
     245.25    -0.002
     246.28     0.002
     247.32    -0.001
     248.35    -0.011
     249.38    -0.013
     250.41    -0.001
     251.44     0.005
     252.47     0.003
     253.50     0.004
     254.53    -0.001
     255.56    -0.004
     256.59    -0.006
     257.62    -0.006
     258.65    -0.008
     259.68    -0.010
     260.71    -0.003
     261.74     0.002
     262.77    -0.001
     263.80    -0.004
     264.83    -0.005
     265.86     0.002
     266.89     0.004
     267.92    -0.008
     268.96    -0.010
     269.99     0.001
     271.02     0.003
     272.05    -0.001
     273.08     0.000
     274.11     0.000
     275.14    -0.002
     276.17    -0.005
     277.20    -0.008
     278.23    -0.007
     279.26    -0.006
     280.29    -0.007
     281.32    -0.003
     282.35     0.009
     283.38     0.012
     284.41     0.010
     285.44     0.009
     286.47     0.007
     287.50     0.005
     288.53     0.009
     289.57     0.016
     290.60     0.015
     291.63     0.011
     292.66     0.007
     293.69     0.003
     294.72    -0.001
     295.75    -0.008
     296.78    -0.004
     297.81     0.007
     298.84     0.011
     299.87     0.009
     300.90     0.006
     301.93     0.007
     302.96     0.006
     303.99     0.004
     305.02     0.000
     306.05    -0.008
     307.08    -0.010
     308.11    -0.003
     309.14    -0.009
     310.17    -0.015
     311.21    -0.004
     312.24     0.002
     313.27    -0.003
     314.30    -0.005
     315.33    -0.001
     316.36     0.003
     317.39     0.003
     318.42    -0.001
     319.45    -0.002
     320.48     0.003
     321.51     0.003
     322.54    -0.002
     323.57     0.001
     324.60     0.007
     325.63     0.008
     326.66     0.007
     327.69     0.005
     328.72     0.002
     329.75    -0.003
     330.78    -0.004
     331.81    -0.005
     332.85    -0.009
     333.88    -0.009
     334.91    -0.005
     335.94     0.001
     336.97     0.005
     338.00     0.003
     339.03    -0.005
     340.06    -0.005
     341.09    -0.003
     342.12    -0.005
     343.15    -0.003
     344.18    -0.005
     345.21    -0.010
     346.24    -0.006
     347.27    -0.003
     348.30    -0.009
     349.33    -0.012
     350.36    -0.004
     351.39     0.002
     352.42     0.000
     353.45     0.004
     354.49     0.010
     355.52     0.010
     356.55     0.007
     357.58     0.004
     358.61     0.005
     359.64     0.006
     360.67     0.003
     361.70     0.009
     362.73     0.011
     363.76     0.002
     364.79    -0.003
     365.82    -0.008
     366.85    -0.017
     367.88    -0.017
     368.91    -0.010
     369.94    -0.004
     370.97    -0.007
     372.00    -0.005
     373.03     0.006
     374.06     0.007
     375.09     0.002
     376.13     0.004
     377.16     0.011
     378.19     0.020
     379.22     0.022
     380.25     0.021
     381.28     0.026
     382.31     0.027
     383.34     0.024
     384.37     0.026
     385.40     0.024
     386.43     0.024
     387.46     0.029
     388.49     0.023
     389.52     0.015
     390.55     0.012
     391.58     0.013
     392.61     0.022
     393.64     0.035
     394.67     0.044
     395.70     0.051
     396.73     0.055
     397.77     0.055
     398.80     0.052
     399.83     0.045
