# Detector:    Gotthard at VonHamos
# DateCreated: 2026-09-03T09:34:51
# N = 176400

0    6.974226e+03  0.000000e+00
1    6.974686e+03  0.000000e+00
2    6.975145e+03  0.000000e+00
3    6.975604e+03  0.000000e+00
4    6.976064e+03  0.000000e+00
5    6.976523e+03  0.000000e+00
6    6.976983e+03  0.000000e+00
7    6.977442e+03  0.000000e+00
8    6.977901e+03  0.000000e+00
9    6.978361e+03  0.000000e+00
10   6.978820e+03  0.000000e+00
11   6.979280e+03  0.000000e+00
12   6.979739e+03  0.000000e+00
13   6.980199e+03  0.000000e+00
14   6.980658e+03  0.000000e+00
15   6.981118e+03  0.000000e+00
16   6.981577e+03  0.000000e+00
17   6.982037e+03  0.000000e+00
18   6.982496e+03  0.000000e+00
19   6.982956e+03  0.000000e+00
20   6.983415e+03  0.000000e+00
21   6.983874e+03  0.000000e+00
22   6.984333e+03  0.000000e+00
23   6.984793e+03  0.000000e+00
24   6.985252e+03  0.000000e+00
25   6.985712e+03  0.000000e+00
26   6.986171e+03  0.000000e+00
27   6.986631e+03  0.000000e+00
28   6.987090e+03  0.000000e+00
29   6.987550e+03  0.000000e+00
30   6.988009e+03  0.000000e+00
31   6.988469e+03  0.000000e+00
32   6.988928e+03  0.000000e+00
33   6.989387e+03  0.000000e+00
34   6.989847e+03  0.000000e+00
35   6.990306e+03  0.000000e+00
36   6.990766e+03  0.000000e+00
37   6.991225e+03  0.000000e+00
38   6.991685e+03  0.000000e+00
39   6.992144e+03  0.000000e+00
40   6.992604e+03  0.000000e+00
41   6.993063e+03  0.000000e+00
42   6.993522e+03  0.000000e+00
43   6.993982e+03  0.000000e+00
44   6.994441e+03  0.000000e+00
45   6.994901e+03  0.000000e+00
46   6.995360e+03  0.000000e+00
47   6.995819e+03  0.000000e+00
48   6.996279e+03  0.000000e+00
49   6.996738e+03  0.000000e+00
50   6.997198e+03  0.000000e+00
51   6.997657e+03  0.000000e+00
52   6.998117e+03  0.000000e+00
53   6.998576e+03  0.000000e+00
54   6.999036e+03  0.000000e+00
55   6.999495e+03  0.000000e+00
56   6.999955e+03  0.000000e+00
57   7.000414e+03  0.000000e+00
58   7.000874e+03  0.000000e+00
59   7.001333e+03  0.000000e+00
60   7.001792e+03  0.000000e+00
61   7.002251e+03  0.000000e+00
62   7.002711e+03  0.000000e+00
63   7.003170e+03  0.000000e+00
64   7.003630e+03  0.000000e+00
65   7.004089e+03  0.000000e+00
66   7.004549e+03  0.000000e+00
67   7.005008e+03  0.000000e+00
68   7.005468e+03  0.000000e+00
69   7.005927e+03  0.000000e+00
70   7.006387e+03  0.000000e+00
71   7.006846e+03  0.000000e+00
72   7.007306e+03  0.000000e+00
73   7.007765e+03  0.000000e+00
74   7.008224e+03  2.149531e+03
75   7.008684e+03  2.197372e+03
76   7.009143e+03  2.244303e+03
77   7.009603e+03  2.269656e+03
78   7.010062e+03  2.342123e+03
79   7.010521e+03  2.374714e+03
80   7.010981e+03  2.445284e+03
81   7.011440e+03  2.486374e+03
82   7.011900e+03  2.561823e+03
83   7.012359e+03  2.602731e+03
84   7.012819e+03  2.650825e+03
85   7.013278e+03  2.712931e+03
86   7.013737e+03  2.816775e+03
87   7.014197e+03  2.864007e+03
88   7.014656e+03  2.958786e+03
89   7.015116e+03  3.028972e+03
90   7.015575e+03  3.151372e+03
91   7.016035e+03  3.230839e+03
92   7.016494e+03  3.334016e+03
93   7.016954e+03  3.398318e+03
94   7.017413e+03  3.508118e+03
95   7.017873e+03  3.560858e+03
96   7.018332e+03  3.644288e+03
97   7.018792e+03  3.793530e+03
98   7.019251e+03  3.982281e+03
99   7.019710e+03  4.075063e+03
100  7.020169e+03  4.160740e+03
101  7.020629e+03  4.277845e+03
102  7.021088e+03  4.466410e+03
103  7.021548e+03  4.572073e+03
104  7.022007e+03  4.717024e+03
105  7.022467e+03  5.014453e+03
106  7.022926e+03  5.125208e+03
107  7.023386e+03  5.359870e+03
108  7.023845e+03  5.594351e+03
109  7.024305e+03  5.684246e+03
110  7.024764e+03  5.927031e+03
111  7.025224e+03  6.209891e+03
112  7.025683e+03  6.522535e+03
113  7.026142e+03  6.745302e+03
114  7.026602e+03  7.111919e+03
115  7.027061e+03  7.300314e+03
116  7.027521e+03  7.712505e+03
117  7.027980e+03  8.134741e+03
118  7.028439e+03  8.406541e+03
119  7.028899e+03  8.780024e+03
120  7.029358e+03  9.294924e+03
121  7.029818e+03  9.811914e+03
122  7.030277e+03  1.034007e+04
123  7.030737e+03  1.081610e+04
124  7.031196e+03  1.156134e+04
125  7.031655e+03  1.230594e+04
126  7.032115e+03  1.287703e+04
127  7.032574e+03  1.368167e+04
128  7.033034e+03  1.456600e+04
129  7.033493e+03  1.558453e+04
130  7.033953e+03  1.638678e+04
131  7.034412e+03  1.761353e+04
132  7.034872e+03  1.882045e+04
133  7.035331e+03  1.991802e+04
134  7.035791e+03  2.141485e+04
135  7.036250e+03  2.261345e+04
136  7.036709e+03  2.421500e+04
137  7.037169e+03  2.590636e+04
138  7.037628e+03  2.776441e+04
139  7.038087e+03  2.966360e+04
140  7.038547e+03  3.142503e+04
141  7.039006e+03  3.345676e+04
142  7.039466e+03  3.586723e+04
143  7.039925e+03  3.811873e+04
144  7.040385e+03  4.070992e+04
145  7.040844e+03  4.298306e+04
146  7.041304e+03  4.558702e+04
147  7.041763e+03  4.862539e+04
148  7.042223e+03  5.117287e+04
149  7.042682e+03  5.446153e+04
150  7.043142e+03  5.725548e+04
151  7.043601e+03  6.071088e+04
152  7.044060e+03  6.388676e+04
153  7.044520e+03  6.759434e+04
154  7.044979e+03  7.119133e+04
155  7.045438e+03  7.463684e+04
156  7.045898e+03  7.866128e+04
157  7.046357e+03  8.251510e+04
158  7.046817e+03  8.710585e+04
159  7.047276e+03  9.092280e+04
160  7.047736e+03  9.564153e+04
161  7.048195e+03  1.000761e+05
162  7.048655e+03  1.051079e+05
163  7.049114e+03  1.097066e+05
164  7.049573e+03  1.143212e+05
165  7.050033e+03  1.194890e+05
166  7.050492e+03  1.238507e+05
167  7.050952e+03  1.292283e+05
168  7.051411e+03  1.341042e+05
169  7.051871e+03  1.389441e+05
170  7.052330e+03  1.443865e+05
171  7.052790e+03  1.500379e+05
172  7.053249e+03  1.579513e+05
173  7.053708e+03  1.675355e+05
174  7.054168e+03  1.812303e+05
175  7.054627e+03  2.017099e+05
176  7.055087e+03  2.320341e+05
177  7.055546e+03  2.759563e+05
178  7.056005e+03  3.371005e+05
179  7.056465e+03  4.169770e+05
180  7.056924e+03  5.137083e+05
181  7.057384e+03  6.150820e+05
182  7.057843e+03  6.893049e+05
183  7.058303e+03  7.044915e+05
184  7.058762e+03  6.522344e+05
185  7.059222e+03  5.560861e+05
186  7.059681e+03  4.492278e+05
187  7.060141e+03  3.515469e+05
188  7.060600e+03  2.691461e+05
189  7.061060e+03  2.055404e+05
190  7.061519e+03  1.572318e+05
191  7.061978e+03  1.217444e+05
192  7.062438e+03  9.707815e+04
193  7.062897e+03  7.937384e+04
194  7.063356e+03  6.662927e+04
195  7.063816e+03  5.715126e+04
196  7.064275e+03  4.981403e+04
197  7.064735e+03  4.388446e+04
198  7.065194e+03  3.913158e+04
199  7.065654e+03  3.503525e+04
200  7.066113e+03  3.177948e+04
201  7.066573e+03  2.903064e+04
202  7.067032e+03  2.632248e+04
203  7.067491e+03  2.416584e+04
204  7.067951e+03  2.234416e+04
205  7.068410e+03  2.057585e+04
206  7.068870e+03  1.905335e+04
207  7.069329e+03  1.776183e+04
208  7.069789e+03  1.655606e+04
209  7.070248e+03  1.547343e+04
210  7.070708e+03  1.453347e+04
211  7.071167e+03  1.384270e+04
212  7.071626e+03  1.287136e+04
213  7.072086e+03  1.225242e+04
214  7.072545e+03  1.164458e+04
215  7.073005e+03  1.093185e+04
216  7.073464e+03  1.049877e+04
217  7.073923e+03  9.902533e+03
218  7.074383e+03  9.517282e+03
219  7.074842e+03  8.911033e+03
220  7.075302e+03  8.559206e+03
221  7.075761e+03  8.249001e+03
222  7.076221e+03  7.814216e+03
223  7.076680e+03  7.592079e+03
224  7.077140e+03  7.116817e+03
225  7.077599e+03  6.982118e+03
226  7.078059e+03  6.639129e+03
227  7.078518e+03  6.387421e+03
228  7.078978e+03  6.181413e+03
229  7.079437e+03  5.860186e+03
230  7.079896e+03  5.745807e+03
231  7.080355e+03  5.551441e+03
232  7.080815e+03  5.231635e+03
233  7.081274e+03  5.110124e+03
234  7.081734e+03  4.927135e+03
235  7.082193e+03  4.824088e+03
236  7.082653e+03  4.573080e+03
237  7.083112e+03  4.479452e+03
238  7.083572e+03  4.324853e+03
239  7.084031e+03  4.146318e+03
240  7.084491e+03  4.110206e+03
241  7.084950e+03  3.952700e+03
242  7.085410e+03  3.850140e+03
243  7.085869e+03  3.716042e+03
244  7.086328e+03  3.640539e+03
245  7.086788e+03  3.462842e+03
246  7.087247e+03  3.408830e+03
247  7.087707e+03  3.333629e+03
248  7.088166e+03  3.218966e+03
249  7.088625e+03  3.169381e+03
250  7.089085e+03  3.061323e+03
251  7.089544e+03  3.015038e+03
252  7.090004e+03  2.938863e+03
253  7.090463e+03  2.805067e+03
254  7.090923e+03  2.753164e+03
255  7.091382e+03  2.653115e+03
256  7.091841e+03  2.588808e+03
257  7.092301e+03  2.553722e+03
258  7.092760e+03  2.495157e+03
259  7.093220e+03  2.406648e+03
260  7.093679e+03  2.363548e+03
261  7.094139e+03  2.311773e+03
262  7.094598e+03  2.234149e+03
263  7.095058e+03  2.260598e+03
264  7.095517e+03  2.151681e+03
265  7.095977e+03  2.091645e+03
266  7.096436e+03  2.067693e+03
267  7.096896e+03  2.084999e+03
268  7.097355e+03  2.043828e+03
269  7.097814e+03  1.941154e+03
270  7.098273e+03  1.933162e+03
271  7.098733e+03  1.899097e+03
272  7.099192e+03  0.000000e+00
273  7.099652e+03  0.000000e+00
274  7.100111e+03  0.000000e+00
275  7.100571e+03  0.000000e+00
276  7.101030e+03  0.000000e+00
277  7.101490e+03  0.000000e+00
278  7.101949e+03  0.000000e+00
279  7.102409e+03  0.000000e+00
280  7.102868e+03  0.000000e+00
281  7.103328e+03  0.000000e+00
282  7.103787e+03  0.000000e+00
283  7.104246e+03  0.000000e+00
284  7.104706e+03  0.000000e+00
285  7.105165e+03  0.000000e+00
286  7.105625e+03  0.000000e+00
287  7.106084e+03  0.000000e+00
288  7.106543e+03  0.000000e+00
289  7.107003e+03  0.000000e+00
290  7.107462e+03  0.000000e+00
291  7.107922e+03  0.000000e+00
292  7.108381e+03  0.000000e+00
293  7.108841e+03  0.000000e+00
294  7.109300e+03  0.000000e+00
295  7.109759e+03  0.000000e+00
296  7.110219e+03  0.000000e+00
297  7.110678e+03  0.000000e+00
298  7.111138e+03  0.000000e+00
299  7.111597e+03  0.000000e+00
300  7.112057e+03  0.000000e+00
301  7.112516e+03  0.000000e+00
302  7.112976e+03  0.000000e+00
303  7.113435e+03  0.000000e+00
304  7.113895e+03  0.000000e+00
305  7.114354e+03  0.000000e+00
306  7.114813e+03  0.000000e+00
307  7.115273e+03  0.000000e+00
308  7.115732e+03  0.000000e+00
309  7.116191e+03  0.000000e+00
310  7.116651e+03  0.000000e+00
311  7.117110e+03  0.000000e+00
312  7.117570e+03  0.000000e+00
313  7.118029e+03  0.000000e+00
314  7.118489e+03  0.000000e+00
315  7.118948e+03  0.000000e+00
316  7.119408e+03  0.000000e+00
317  7.119867e+03  0.000000e+00
318  7.120327e+03  0.000000e+00
319  7.120786e+03  0.000000e+00
320  7.121246e+03  0.000000e+00
321  7.121705e+03  0.000000e+00
322  7.122164e+03  0.000000e+00
323  7.122624e+03  0.000000e+00
324  7.123083e+03  0.000000e+00
325  7.123542e+03  0.000000e+00
326  7.124002e+03  0.000000e+00
327  7.124461e+03  0.000000e+00
328  7.124921e+03  0.000000e+00
329  7.125380e+03  0.000000e+00
330  7.125840e+03  0.000000e+00
331  7.126299e+03  0.000000e+00
332  7.126759e+03  0.000000e+00
333  7.127218e+03  0.000000e+00
334  7.127678e+03  0.000000e+00
335  7.128137e+03  0.000000e+00
336  7.128596e+03  0.000000e+00
337  7.129056e+03  0.000000e+00
338  7.129515e+03  0.000000e+00
339  7.129975e+03  0.000000e+00
340  7.130434e+03  0.000000e+00
341  7.130894e+03  0.000000e+00
342  7.131353e+03  0.000000e+00
343  7.131813e+03  0.000000e+00
344  7.132272e+03  0.000000e+00
345  7.132731e+03  0.000000e+00
346  7.133191e+03  0.000000e+00
347  7.133650e+03  0.000000e+00
348  7.134109e+03  0.000000e+00
349  7.134569e+03  0.000000e+00
350  7.135028e+03  0.000000e+00
351  7.135488e+03  0.000000e+00
352  7.135947e+03  0.000000e+00
353  7.136407e+03  0.000000e+00
354  7.136866e+03  0.000000e+00
355  7.137326e+03  0.000000e+00
356  7.137785e+03  0.000000e+00
357  7.138245e+03  0.000000e+00
358  7.138704e+03  0.000000e+00
359  7.139164e+03  0.000000e+00
360  7.139623e+03  0.000000e+00
361  7.140082e+03  0.000000e+00
362  7.140542e+03  0.000000e+00
363  7.141001e+03  0.000000e+00
364  7.141460e+03  0.000000e+00
365  7.141920e+03  0.000000e+00
366  7.142379e+03  0.000000e+00
367  7.142839e+03  0.000000e+00
368  7.143298e+03  0.000000e+00
369  7.143758e+03  0.000000e+00
370  7.144217e+03  0.000000e+00
371  7.144677e+03  0.000000e+00
372  7.145136e+03  0.000000e+00
373  7.145596e+03  0.000000e+00
374  7.146055e+03  0.000000e+00
375  7.146514e+03  0.000000e+00
376  7.146974e+03  0.000000e+00
377  7.147433e+03  0.000000e+00
378  7.147893e+03  0.000000e+00
379  7.148352e+03  0.000000e+00
380  7.148812e+03  0.000000e+00
381  7.149271e+03  0.000000e+00
382  7.149730e+03  0.000000e+00
383  7.150190e+03  0.000000e+00
384  7.150649e+03  0.000000e+00
385  7.151109e+03  0.000000e+00
386  7.151568e+03  0.000000e+00
387  7.152027e+03  0.000000e+00
388  7.152487e+03  0.000000e+00
389  7.152946e+03  0.000000e+00
390  7.153406e+03  0.000000e+00
391  7.153865e+03  0.000000e+00
392  7.154325e+03  0.000000e+00
393  7.154784e+03  0.000000e+00
394  7.155244e+03  0.000000e+00
395  7.155703e+03  0.000000e+00
396  7.156163e+03  0.000000e+00
397  7.156622e+03  0.000000e+00
398  7.157082e+03  0.000000e+00
399  7.157541e+03  0.000000e+00
400  7.158000e+03  0.000000e+00
401  7.158459e+03  0.000000e+00
402  7.158919e+03  0.000000e+00
403  7.159378e+03  0.000000e+00
404  7.159838e+03  0.000000e+00
405  7.160297e+03  0.000000e+00
406  7.160757e+03  0.000000e+00
407  7.161216e+03  0.000000e+00
408  7.161676e+03  0.000000e+00
409  7.162135e+03  0.000000e+00
410  7.162595e+03  0.000000e+00
411  7.163054e+03  0.000000e+00
412  7.163514e+03  0.000000e+00
413  7.163973e+03  0.000000e+00
414  7.164432e+03  0.000000e+00
415  7.164892e+03  0.000000e+00
416  7.165351e+03  0.000000e+00
417  7.165811e+03  0.000000e+00
418  7.166270e+03  0.000000e+00
419  7.166729e+03  0.000000e+00
