# Detector:    Gotthard at VonHamos
# DateCreated: 2026-09-02T14:58:32
# N = 176400

0    6.992958e+03  0.000000e+00
1    6.993299e+03  0.000000e+00
2    6.993642e+03  0.000000e+00
3    6.993983e+03  0.000000e+00
4    6.994326e+03  0.000000e+00
5    6.994667e+03  0.000000e+00
6    6.995010e+03  0.000000e+00
7    6.995352e+03  0.000000e+00
8    6.995694e+03  0.000000e+00
9    6.996036e+03  0.000000e+00
10   6.996378e+03  0.000000e+00
11   6.996720e+03  0.000000e+00
12   6.997062e+03  0.000000e+00
13   6.997404e+03  0.000000e+00
14   6.997746e+03  0.000000e+00
15   6.998088e+03  0.000000e+00
16   6.998430e+03  1.725717e+03
17   6.998772e+03  1.743451e+03
18   6.999114e+03  1.802924e+03
19   6.999456e+03  1.777092e+03
20   6.999798e+03  1.821527e+03
21   7.000140e+03  1.829947e+03
22   7.000482e+03  1.884894e+03
23   7.000824e+03  1.920658e+03
24   7.001166e+03  1.912548e+03
25   7.001508e+03  1.899021e+03
26   7.001850e+03  1.931230e+03
27   7.002192e+03  1.973938e+03
28   7.002534e+03  2.034086e+03
29   7.002876e+03  2.079808e+03
30   7.003218e+03  2.107152e+03
31   7.003560e+03  2.113313e+03
32   7.003902e+03  2.154464e+03
33   7.004244e+03  2.215930e+03
34   7.004586e+03  2.227239e+03
35   7.004928e+03  2.249714e+03
36   7.005271e+03  2.241622e+03
37   7.005612e+03  2.346508e+03
38   7.005955e+03  2.388669e+03
39   7.006296e+03  2.412080e+03
40   7.006639e+03  2.420315e+03
41   7.006980e+03  2.439358e+03
42   7.007323e+03  2.509460e+03
43   7.007665e+03  2.556717e+03
44   7.008006e+03  2.599632e+03
45   7.008349e+03  2.642992e+03
46   7.008690e+03  2.717409e+03
47   7.009033e+03  2.708020e+03
48   7.009375e+03  2.797257e+03
49   7.009717e+03  2.809648e+03
50   7.010059e+03  2.858897e+03
51   7.010401e+03  2.951047e+03
52   7.010743e+03  2.907422e+03
53   7.011085e+03  3.018538e+03
54   7.011427e+03  3.055618e+03
55   7.011769e+03  3.136782e+03
56   7.012111e+03  3.229807e+03
57   7.012453e+03  3.210643e+03
58   7.012795e+03  3.311582e+03
59   7.013137e+03  3.358416e+03
60   7.013479e+03  3.401375e+03
61   7.013821e+03  3.471048e+03
62   7.014163e+03  3.515230e+03
63   7.014505e+03  3.599643e+03
64   7.014847e+03  3.646421e+03
65   7.015189e+03  3.780035e+03
66   7.015531e+03  3.807855e+03
67   7.015873e+03  3.918609e+03
68   7.016215e+03  4.057744e+03
69   7.016557e+03  4.056030e+03
70   7.016899e+03  4.195177e+03
71   7.017241e+03  4.289864e+03
72   7.017583e+03  4.300516e+03
73   7.017925e+03  4.432716e+03
74   7.018267e+03  4.519051e+03
75   7.018609e+03  4.680925e+03
76   7.018951e+03  4.758480e+03
77   7.019293e+03  4.939055e+03
78   7.019635e+03  4.943129e+03
79   7.019978e+03  5.087174e+03
80   7.020319e+03  5.272057e+03
81   7.020662e+03  5.298913e+03
82   7.021003e+03  5.504364e+03
83   7.021346e+03  5.597531e+03
84   7.021688e+03  5.763684e+03
85   7.022030e+03  5.974939e+03
86   7.022372e+03  6.132230e+03
87   7.022713e+03  6.229074e+03
88   7.023056e+03  6.478284e+03
89   7.023397e+03  6.603433e+03
90   7.023740e+03  6.803752e+03
91   7.024082e+03  6.969343e+03
92   7.024424e+03  7.168441e+03
93   7.024766e+03  7.407321e+03
94   7.025108e+03  7.624957e+03
95   7.025450e+03  7.776602e+03
96   7.025792e+03  8.044934e+03
97   7.026134e+03  8.238967e+03
98   7.026476e+03  8.572313e+03
99   7.026818e+03  8.905663e+03
100  7.027160e+03  9.101941e+03
101  7.027502e+03  9.491065e+03
102  7.027844e+03  9.768497e+03
103  7.028186e+03  1.015945e+04
104  7.028528e+03  1.049955e+04
105  7.028870e+03  1.098758e+04
106  7.029212e+03  1.140446e+04
107  7.029554e+03  1.183318e+04
108  7.029896e+03  1.230880e+04
109  7.030238e+03  1.281137e+04
110  7.030580e+03  1.314354e+04
111  7.030922e+03  1.371006e+04
112  7.031264e+03  1.429363e+04
113  7.031606e+03  1.488142e+04
114  7.031948e+03  1.562081e+04
115  7.032291e+03  1.631006e+04
116  7.032632e+03  1.695921e+04
117  7.032974e+03  1.779646e+04
118  7.033316e+03  1.861415e+04
119  7.033658e+03  1.941739e+04
120  7.034000e+03  2.041748e+04
121  7.034342e+03  2.153324e+04
122  7.034685e+03  2.242601e+04
123  7.035026e+03  2.351771e+04
124  7.035369e+03  2.465134e+04
125  7.035710e+03  2.595325e+04
126  7.036053e+03  2.719456e+04
127  7.036395e+03  2.855351e+04
128  7.036737e+03  3.013454e+04
129  7.037079e+03  3.147697e+04
130  7.037421e+03  3.337643e+04
131  7.037763e+03  3.472028e+04
132  7.038104e+03  3.669997e+04
133  7.038447e+03  3.854796e+04
134  7.038789e+03  4.023295e+04
135  7.039131e+03  4.209482e+04
136  7.039473e+03  4.420415e+04
137  7.039815e+03  4.659197e+04
138  7.040157e+03  4.844163e+04
139  7.040499e+03  5.077475e+04
140  7.040841e+03  5.307554e+04
141  7.041183e+03  5.583553e+04
142  7.041525e+03  5.814708e+04
143  7.041867e+03  6.069772e+04
144  7.042209e+03  6.320313e+04
145  7.042551e+03  6.604332e+04
146  7.042893e+03  6.877161e+04
147  7.043235e+03  7.163372e+04
148  7.043577e+03  7.473815e+04
149  7.043919e+03  7.791255e+04
150  7.044261e+03  8.126248e+04
151  7.044603e+03  8.397241e+04
152  7.044945e+03  8.781342e+04
153  7.045287e+03  9.084269e+04
154  7.045629e+03  9.413680e+04
155  7.045971e+03  9.821786e+04
156  7.046313e+03  1.018208e+05
157  7.046655e+03  1.057587e+05
158  7.046998e+03  1.096316e+05
159  7.047339e+03  1.131545e+05
160  7.047681e+03  1.177923e+05
161  7.048023e+03  1.214471e+05
162  7.048365e+03  1.262562e+05
163  7.048708e+03  1.303922e+05
164  7.049049e+03  1.346604e+05
165  7.049392e+03  1.393821e+05
166  7.049733e+03  1.433776e+05
167  7.050076e+03  1.477225e+05
168  7.050417e+03  1.526202e+05
169  7.050760e+03  1.566212e+05
170  7.051102e+03  1.611527e+05
171  7.051444e+03  1.661016e+05
172  7.051786e+03  1.707335e+05
173  7.052128e+03  1.756880e+05
174  7.052470e+03  1.808280e+05
175  7.052812e+03  1.857868e+05
176  7.053154e+03  1.927955e+05
177  7.053496e+03  2.006614e+05
178  7.053838e+03  2.113830e+05
179  7.054180e+03  2.243311e+05
180  7.054522e+03  2.421996e+05
181  7.054864e+03  2.673348e+05
182  7.055206e+03  2.990058e+05
183  7.055548e+03  3.409561e+05
184  7.055890e+03  3.951925e+05
185  7.056232e+03  4.615285e+05
186  7.056574e+03  5.411458e+05
187  7.056916e+03  6.323317e+05
188  7.057258e+03  7.270068e+05
189  7.057600e+03  8.101498e+05
190  7.057942e+03  8.632419e+05
191  7.058284e+03  8.720164e+05
192  7.058626e+03  8.323473e+05
193  7.058968e+03  7.576565e+05
194  7.059310e+03  6.631642e+05
195  7.059652e+03  5.635643e+05
196  7.059994e+03  4.714731e+05
197  7.060336e+03  3.894419e+05
198  7.060678e+03  3.191813e+05
199  7.061021e+03  2.596559e+05
200  7.061362e+03  2.128429e+05
201  7.061705e+03  1.747820e+05
202  7.062046e+03  1.455654e+05
203  7.062388e+03  1.227523e+05
204  7.062730e+03  1.055828e+05
205  7.063072e+03  9.129540e+04
206  7.063415e+03  8.083327e+04
207  7.063756e+03  7.221523e+04
208  7.064099e+03  6.459630e+04
209  7.064440e+03  5.854277e+04
210  7.064783e+03  5.369513e+04
211  7.065125e+03  4.918807e+04
212  7.065467e+03  4.537589e+04
213  7.065809e+03  4.192909e+04
214  7.066151e+03  3.881239e+04
215  7.066493e+03  3.633019e+04
216  7.066835e+03  3.385725e+04
217  7.067177e+03  3.163209e+04
218  7.067519e+03  2.990929e+04
219  7.067861e+03  2.806753e+04
220  7.068203e+03  2.655214e+04
221  7.068545e+03  2.489857e+04
222  7.068887e+03  2.356926e+04
223  7.069229e+03  2.253779e+04
224  7.069571e+03  2.127784e+04
225  7.069913e+03  2.010946e+04
226  7.070255e+03  1.932340e+04
227  7.070597e+03  1.833745e+04
228  7.070939e+03  1.763305e+04
229  7.071281e+03  1.682655e+04
230  7.071623e+03  1.614151e+04
231  7.071965e+03  1.548193e+04
232  7.072307e+03  1.482117e+04
233  7.072649e+03  1.415541e+04
234  7.072991e+03  1.366754e+04
235  7.073333e+03  1.308054e+04
236  7.073675e+03  1.254011e+04
237  7.074017e+03  1.215870e+04
238  7.074359e+03  1.172977e+04
239  7.074701e+03  1.121782e+04
240  7.075043e+03  1.081218e+04
241  7.075385e+03  1.042482e+04
242  7.075728e+03  1.020724e+04
243  7.076069e+03  9.841635e+03
244  7.076412e+03  9.462629e+03
245  7.076753e+03  9.241505e+03
246  7.077095e+03  8.859029e+03
247  7.077438e+03  8.670346e+03
248  7.077779e+03  8.310657e+03
249  7.078122e+03  8.226691e+03
250  7.078463e+03  7.863499e+03
251  7.078806e+03  7.620322e+03
252  7.079147e+03  7.549598e+03
253  7.079490e+03  7.330664e+03
254  7.079832e+03  6.987626e+03
255  7.080174e+03  6.830583e+03
256  7.080516e+03  6.711730e+03
257  7.080858e+03  6.555176e+03
258  7.081200e+03  6.298931e+03
259  7.081542e+03  6.241997e+03
260  7.081884e+03  5.966993e+03
261  7.082226e+03  5.898132e+03
262  7.082568e+03  5.794619e+03
263  7.082910e+03  5.655776e+03
264  7.083252e+03  5.449606e+03
265  7.083594e+03  5.403407e+03
266  7.083936e+03  5.198747e+03
267  7.084278e+03  5.042374e+03
268  7.084620e+03  4.998265e+03
269  7.084962e+03  4.934177e+03
270  7.085304e+03  4.815709e+03
271  7.085646e+03  4.634839e+03
272  7.085988e+03  4.558164e+03
273  7.086330e+03  4.424273e+03
274  7.086672e+03  4.415217e+03
275  7.087014e+03  4.308513e+03
276  7.087356e+03  4.248323e+03
277  7.087698e+03  4.063419e+03
278  7.088040e+03  4.047641e+03
279  7.088382e+03  3.950738e+03
280  7.088724e+03  3.846628e+03
281  7.089066e+03  3.740945e+03
282  7.089408e+03  3.744007e+03
283  7.089750e+03  3.690964e+03
284  7.090092e+03  3.549489e+03
285  7.090435e+03  3.448218e+03
286  7.090776e+03  3.484598e+03
287  7.091119e+03  3.362979e+03
288  7.091460e+03  3.272781e+03
289  7.091803e+03  3.288913e+03
290  7.092145e+03  3.207903e+03
291  7.092486e+03  3.180640e+03
292  7.092829e+03  3.087858e+03
293  7.093170e+03  3.067850e+03
294  7.093513e+03  2.954611e+03
295  7.093854e+03  2.952476e+03
296  7.094197e+03  2.907571e+03
297  7.094539e+03  0.000000e+00
298  7.094881e+03  0.000000e+00
299  7.095223e+03  0.000000e+00
300  7.095565e+03  0.000000e+00
301  7.095907e+03  0.000000e+00
302  7.096249e+03  0.000000e+00
303  7.096591e+03  0.000000e+00
304  7.096933e+03  0.000000e+00
305  7.097275e+03  0.000000e+00
306  7.097617e+03  0.000000e+00
307  7.097959e+03  0.000000e+00
308  7.098301e+03  0.000000e+00
309  7.098643e+03  0.000000e+00
310  7.098985e+03  0.000000e+00
311  7.099327e+03  0.000000e+00
312  7.099669e+03  0.000000e+00
313  7.100011e+03  0.000000e+00
314  7.100353e+03  0.000000e+00
315  7.100695e+03  0.000000e+00
316  7.101037e+03  0.000000e+00
317  7.101379e+03  0.000000e+00
318  7.101721e+03  0.000000e+00
319  7.102063e+03  0.000000e+00
320  7.102405e+03  0.000000e+00
321  7.102747e+03  0.000000e+00
322  7.103089e+03  0.000000e+00
323  7.103431e+03  0.000000e+00
324  7.103773e+03  0.000000e+00
325  7.104115e+03  0.000000e+00
326  7.104458e+03  0.000000e+00
327  7.104799e+03  0.000000e+00
328  7.105142e+03  0.000000e+00
329  7.105483e+03  0.000000e+00
330  7.105826e+03  0.000000e+00
331  7.106167e+03  0.000000e+00
332  7.106510e+03  0.000000e+00
333  7.106852e+03  0.000000e+00
334  7.107193e+03  0.000000e+00
335  7.107536e+03  0.000000e+00
336  7.107877e+03  0.000000e+00
337  7.108220e+03  0.000000e+00
338  7.108562e+03  0.000000e+00
339  7.108904e+03  0.000000e+00
340  7.109246e+03  0.000000e+00
341  7.109588e+03  0.000000e+00
342  7.109930e+03  0.000000e+00
343  7.110272e+03  0.000000e+00
344  7.110614e+03  0.000000e+00
345  7.110956e+03  0.000000e+00
346  7.111298e+03  0.000000e+00
347  7.111640e+03  0.000000e+00
348  7.111982e+03  0.000000e+00
349  7.112324e+03  0.000000e+00
350  7.112666e+03  0.000000e+00
351  7.113008e+03  0.000000e+00
352  7.113350e+03  0.000000e+00
353  7.113692e+03  0.000000e+00
354  7.114034e+03  0.000000e+00
355  7.114376e+03  0.000000e+00
356  7.114718e+03  0.000000e+00
357  7.115060e+03  0.000000e+00
358  7.115402e+03  0.000000e+00
359  7.115744e+03  0.000000e+00
360  7.116086e+03  0.000000e+00
361  7.116428e+03  0.000000e+00
362  7.116770e+03  0.000000e+00
363  7.117112e+03  0.000000e+00
364  7.117454e+03  0.000000e+00
365  7.117796e+03  0.000000e+00
366  7.118138e+03  0.000000e+00
367  7.118480e+03  0.000000e+00
368  7.118822e+03  0.000000e+00
369  7.119165e+03  0.000000e+00
370  7.119506e+03  0.000000e+00
371  7.119849e+03  0.000000e+00
372  7.120190e+03  0.000000e+00
373  7.120533e+03  0.000000e+00
374  7.120875e+03  0.000000e+00
375  7.121217e+03  0.000000e+00
376  7.121559e+03  0.000000e+00
377  7.121900e+03  0.000000e+00
378  7.122243e+03  0.000000e+00
379  7.122584e+03  0.000000e+00
380  7.122927e+03  0.000000e+00
381  7.123269e+03  0.000000e+00
382  7.123611e+03  0.000000e+00
383  7.123953e+03  0.000000e+00
384  7.124295e+03  0.000000e+00
385  7.124637e+03  0.000000e+00
386  7.124979e+03  0.000000e+00
387  7.125321e+03  0.000000e+00
388  7.125663e+03  0.000000e+00
389  7.126005e+03  0.000000e+00
390  7.126347e+03  0.000000e+00
391  7.126689e+03  0.000000e+00
392  7.127031e+03  0.000000e+00
393  7.127373e+03  0.000000e+00
394  7.127715e+03  0.000000e+00
395  7.128057e+03  0.000000e+00
396  7.128399e+03  0.000000e+00
397  7.128741e+03  0.000000e+00
398  7.129083e+03  0.000000e+00
399  7.129425e+03  0.000000e+00
400  7.129767e+03  0.000000e+00
401  7.130109e+03  0.000000e+00
402  7.130451e+03  0.000000e+00
403  7.130793e+03  0.000000e+00
404  7.131135e+03  0.000000e+00
405  7.131477e+03  0.000000e+00
406  7.131819e+03  0.000000e+00
407  7.132161e+03  0.000000e+00
408  7.132503e+03  0.000000e+00
409  7.132845e+03  0.000000e+00
410  7.133188e+03  0.000000e+00
411  7.133529e+03  0.000000e+00
412  7.133872e+03  0.000000e+00
413  7.134213e+03  0.000000e+00
414  7.134556e+03  0.000000e+00
415  7.134897e+03  0.000000e+00
416  7.135240e+03  0.000000e+00
417  7.135582e+03  0.000000e+00
418  7.135924e+03  0.000000e+00
419  7.136266e+03  0.000000e+00
