# Detector:    Gotthard SpA1
# DateCreated: 2026-09-01T09:27:42

0    7.253865e+03  0.000000e+00
1    7.254474e+03  0.000000e+00
2    7.255083e+03  0.000000e+00
3    7.255692e+03  0.000000e+00
4    7.256302e+03  0.000000e+00
5    7.256911e+03  0.000000e+00
6    7.257520e+03  0.000000e+00
7    7.258129e+03  0.000000e+00
8    7.258738e+03  0.000000e+00
9    7.259348e+03  0.000000e+00
10   7.259957e+03  0.000000e+00
11   7.260566e+03  0.000000e+00
12   7.261175e+03  0.000000e+00
13   7.261784e+03  0.000000e+00
14   7.262394e+03  0.000000e+00
15   7.263003e+03  0.000000e+00
16   7.263612e+03  0.000000e+00
17   7.264221e+03  0.000000e+00
18   7.264831e+03  0.000000e+00
19   7.265439e+03  0.000000e+00
20   7.266049e+03  0.000000e+00
21   7.266658e+03  0.000000e+00
22   7.267267e+03  0.000000e+00
23   7.267876e+03  0.000000e+00
24   7.268485e+03  0.000000e+00
25   7.269095e+03  0.000000e+00
26   7.269704e+03  0.000000e+00
27   7.270313e+03  0.000000e+00
28   7.270922e+03  0.000000e+00
29   7.271532e+03  0.000000e+00
30   7.272141e+03  0.000000e+00
31   7.272750e+03  0.000000e+00
32   7.273359e+03  0.000000e+00
33   7.273968e+03  0.000000e+00
34   7.274578e+03  0.000000e+00
35   7.275187e+03  0.000000e+00
36   7.275796e+03  0.000000e+00
37   7.276405e+03  0.000000e+00
38   7.277014e+03  0.000000e+00
39   7.277624e+03  0.000000e+00
40   7.278233e+03  0.000000e+00
41   7.278842e+03  0.000000e+00
42   7.279451e+03  0.000000e+00
43   7.280061e+03  0.000000e+00
44   7.280669e+03  0.000000e+00
45   7.281279e+03  0.000000e+00
46   7.281888e+03  0.000000e+00
47   7.282497e+03  0.000000e+00
48   7.283106e+03  0.000000e+00
49   7.283716e+03  0.000000e+00
50   7.284325e+03  0.000000e+00
51   7.284934e+03  0.000000e+00
52   7.285543e+03  0.000000e+00
53   7.286152e+03  0.000000e+00
54   7.286762e+03  0.000000e+00
55   7.287371e+03  0.000000e+00
56   7.287980e+03  0.000000e+00
57   7.288589e+03  0.000000e+00
58   7.289198e+03  0.000000e+00
59   7.289808e+03  0.000000e+00
60   7.290417e+03  0.000000e+00
61   7.291026e+03  0.000000e+00
62   7.291635e+03  0.000000e+00
63   7.292245e+03  0.000000e+00
64   7.292854e+03  0.000000e+00
65   7.293463e+03  0.000000e+00
66   7.294072e+03  0.000000e+00
67   7.294681e+03  0.000000e+00
68   7.295291e+03  0.000000e+00
69   7.295899e+03  0.000000e+00
70   7.296509e+03  0.000000e+00
71   7.297118e+03  0.000000e+00
72   7.297727e+03  0.000000e+00
73   7.298336e+03  0.000000e+00
74   7.298946e+03  0.000000e+00
75   7.299555e+03  0.000000e+00
76   7.300164e+03  0.000000e+00
77   7.300773e+03  0.000000e+00
78   7.301382e+03  0.000000e+00
79   7.301992e+03  0.000000e+00
80   7.302601e+03  0.000000e+00
81   7.303210e+03  0.000000e+00
82   7.303819e+03  0.000000e+00
83   7.304428e+03  0.000000e+00
84   7.305038e+03  0.000000e+00
85   7.305647e+03  0.000000e+00
86   7.306256e+03  0.000000e+00
87   7.306865e+03  0.000000e+00
88   7.307475e+03  0.000000e+00
89   7.308083e+03  0.000000e+00
90   7.308693e+03  0.000000e+00
91   7.309302e+03  0.000000e+00
92   7.309911e+03  0.000000e+00
93   7.310521e+03  0.000000e+00
94   7.311130e+03  0.000000e+00
95   7.311739e+03  0.000000e+00
96   7.312348e+03  0.000000e+00
97   7.312958e+03  0.000000e+00
98   7.313566e+03  0.000000e+00
99   7.314176e+03  0.000000e+00
100  7.314785e+03  0.000000e+00
101  7.315394e+03  0.000000e+00
102  7.316003e+03  0.000000e+00
103  7.316612e+03  0.000000e+00
104  7.317222e+03  0.000000e+00
105  7.317831e+03  0.000000e+00
106  7.318440e+03  0.000000e+00
107  7.319049e+03  0.000000e+00
108  7.319659e+03  0.000000e+00
109  7.320268e+03  0.000000e+00
110  7.320877e+03  0.000000e+00
111  7.321486e+03  0.000000e+00
112  7.322095e+03  0.000000e+00
113  7.322705e+03  0.000000e+00
114  7.323313e+03  0.000000e+00
115  7.323923e+03  0.000000e+00
116  7.324532e+03  0.000000e+00
117  7.325141e+03  0.000000e+00
118  7.325750e+03  0.000000e+00
119  7.326360e+03  0.000000e+00
120  7.326969e+03  0.000000e+00
121  7.327578e+03  0.000000e+00
122  7.328188e+03  0.000000e+00
123  7.328796e+03  0.000000e+00
124  7.329406e+03  0.000000e+00
125  7.330015e+03  0.000000e+00
126  7.330624e+03  0.000000e+00
127  7.331233e+03  0.000000e+00
128  7.331842e+03  0.000000e+00
129  7.332452e+03  0.000000e+00
130  7.333061e+03  0.000000e+00
131  7.333670e+03  0.000000e+00
132  7.334279e+03  0.000000e+00
133  7.334889e+03  0.000000e+00
134  7.335498e+03  0.000000e+00
135  7.336107e+03  0.000000e+00
136  7.336716e+03  0.000000e+00
137  7.337325e+03  0.000000e+00
138  7.337935e+03  0.000000e+00
139  7.338544e+03  0.000000e+00
140  7.339153e+03  0.000000e+00
141  7.339762e+03  0.000000e+00
142  7.340371e+03  0.000000e+00
143  7.340980e+03  0.000000e+00
144  7.341590e+03  0.000000e+00
145  7.342199e+03  0.000000e+00
146  7.342808e+03  0.000000e+00
147  7.343417e+03  0.000000e+00
148  7.344026e+03  0.000000e+00
149  7.344636e+03  0.000000e+00
150  7.345245e+03  0.000000e+00
151  7.345854e+03  0.000000e+00
152  7.346463e+03  0.000000e+00
153  7.347073e+03  0.000000e+00
154  7.347682e+03  0.000000e+00
155  7.348291e+03  0.000000e+00
156  7.348900e+03  0.000000e+00
157  7.349509e+03  0.000000e+00
158  7.350119e+03  0.000000e+00
159  7.350728e+03  0.000000e+00
160  7.351337e+03  0.000000e+00
161  7.351946e+03  0.000000e+00
162  7.352555e+03  0.000000e+00
163  7.353165e+03  0.000000e+00
164  7.353774e+03  0.000000e+00
165  7.354383e+03  0.000000e+00
166  7.354992e+03  0.000000e+00
167  7.355602e+03  0.000000e+00
168  7.356210e+03  0.000000e+00
169  7.356820e+03  0.000000e+00
170  7.357429e+03  0.000000e+00
171  7.358038e+03  0.000000e+00
172  7.358647e+03  0.000000e+00
173  7.359256e+03  0.000000e+00
174  7.359866e+03  0.000000e+00
175  7.360475e+03  0.000000e+00
176  7.361084e+03  0.000000e+00
177  7.361693e+03  0.000000e+00
178  7.362303e+03  0.000000e+00
179  7.362912e+03  0.000000e+00
180  7.363521e+03  0.000000e+00
181  7.364130e+03  0.000000e+00
182  7.364739e+03  0.000000e+00
183  7.365349e+03  0.000000e+00
184  7.365958e+03  0.000000e+00
185  7.366567e+03  0.000000e+00
186  7.367176e+03  0.000000e+00
187  7.367785e+03  1.494271e-28
188  7.368395e+03  3.075741e-04
189  7.369004e+03  1.047860e+07
190  7.369613e+03  1.023134e+06
191  7.370222e+03  3.936624e+06
192  7.370832e+03  4.435363e+07
193  7.371440e+03  4.757496e+07
194  7.372050e+03  1.216811e+07
195  7.372659e+03  5.399626e+07
196  7.373268e+03  2.464089e+07
197  7.373877e+03  1.082262e+06
198  7.374487e+03  4.306196e+06
199  7.375096e+03  1.037785e+07
200  7.375705e+03  2.395620e+07
201  7.376314e+03  2.219284e+07
202  7.376923e+03  1.671576e+08
203  7.377533e+03  7.164815e+07
204  7.378142e+03  3.495324e+07
205  7.378751e+03  6.672229e+07
206  7.379360e+03  7.301815e+07
207  7.379969e+03  1.258715e+08
208  7.380579e+03  1.633811e+07
209  7.381188e+03  3.116284e+06
210  7.381797e+03  1.626587e+08
211  7.382406e+03  1.930962e+08
212  7.383016e+03  4.679772e+06
213  7.383625e+03  1.056359e+07
214  7.384234e+03  7.157909e+06
215  7.384843e+03  1.205369e+08
216  7.385452e+03  8.695379e+06
217  7.386062e+03  2.425684e+08
218  7.386670e+03  4.903130e+07
219  7.387280e+03  1.747382e+05
220  7.387889e+03  4.041359e+08
221  7.388498e+03  2.168359e+06
222  7.389107e+03  1.312615e+08
223  7.389717e+03  2.319707e+08
224  7.390326e+03  1.710742e+08
225  7.390935e+03  2.540856e+08
226  7.391544e+03  4.258029e+07
227  7.392153e+03  3.461534e+08
228  7.392763e+03  1.105291e+08
229  7.393372e+03  1.988458e+08
230  7.393981e+03  2.995213e+08
231  7.394590e+03  2.940438e+08
232  7.395199e+03  8.662310e+07
233  7.395809e+03  3.596948e+08
234  7.396418e+03  2.444419e+08
235  7.397027e+03  3.010937e+08
236  7.397636e+03  2.349715e+07
237  7.398246e+03  1.516009e+08
238  7.398854e+03  3.213540e+08
239  7.399464e+03  2.197512e+08
240  7.400073e+03  2.835655e+08
241  7.400682e+03  2.823832e+08
242  7.401292e+03  5.047412e+06
243  7.401901e+03  4.590798e+07
244  7.402510e+03  3.040809e+08
245  7.403119e+03  6.390742e+07
246  7.403729e+03  6.958183e+06
247  7.404337e+03  2.806615e+08
248  7.404947e+03  4.008155e+08
249  7.405556e+03  2.906227e+06
250  7.406165e+03  3.025861e+08
251  7.406774e+03  1.312433e+08
252  7.407383e+03  3.270540e+08
253  7.407993e+03  2.096297e+08
254  7.408602e+03  2.735773e+06
255  7.409211e+03  1.453611e+08
256  7.409820e+03  1.227708e+08
257  7.410430e+03  2.568774e+08
258  7.411039e+03  2.067589e+08
259  7.411648e+03  2.508105e+08
260  7.412257e+03  8.837433e+07
261  7.412866e+03  1.976581e+08
262  7.413476e+03  6.421306e+07
263  7.414084e+03  5.504662e+07
264  7.414694e+03  2.566366e+08
265  7.415303e+03  2.115666e+08
266  7.415912e+03  5.171756e+06
267  7.416521e+03  7.238250e+07
268  7.417131e+03  7.309735e+07
269  7.417740e+03  1.779502e+08
270  7.418349e+03  3.042382e+07
271  7.418958e+03  3.805704e+05
272  7.419567e+03  2.135560e+07
273  7.420177e+03  1.954273e+08
274  7.420786e+03  7.619371e+07
275  7.421395e+03  1.059509e+08
276  7.422004e+03  1.743559e+06
277  7.422613e+03  1.876724e+08
278  7.423223e+03  8.653989e+07
279  7.423832e+03  1.119011e+06
280  7.424441e+03  2.078609e+07
281  7.425050e+03  5.381449e+06
282  7.425660e+03  7.661588e+05
283  7.426269e+03  6.106022e+07
284  7.426878e+03  6.008717e+07
285  7.427487e+03  6.188714e+06
286  7.428096e+03  4.161778e+07
287  7.428706e+03  1.411256e+06
288  7.429315e+03  6.227607e+07
289  7.429924e+03  1.035469e+04
290  7.430533e+03  4.051507e+07
291  7.431143e+03  2.159354e+07
292  7.431751e+03  3.077949e-03
293  7.432361e+03  7.261572e-27
294  7.432970e+03  0.000000e+00
295  7.433579e+03  0.000000e+00
296  7.434188e+03  0.000000e+00
297  7.434797e+03  0.000000e+00
298  7.435407e+03  0.000000e+00
299  7.436016e+03  0.000000e+00
300  7.436625e+03  0.000000e+00
301  7.437234e+03  0.000000e+00
302  7.437844e+03  0.000000e+00
303  7.438453e+03  0.000000e+00
304  7.439062e+03  0.000000e+00
305  7.439671e+03  0.000000e+00
306  7.440280e+03  0.000000e+00
307  7.440890e+03  0.000000e+00
308  7.441499e+03  0.000000e+00
309  7.442108e+03  0.000000e+00
310  7.442717e+03  0.000000e+00
311  7.443326e+03  0.000000e+00
312  7.443936e+03  0.000000e+00
313  7.444545e+03  0.000000e+00
314  7.445154e+03  0.000000e+00
315  7.445763e+03  0.000000e+00
316  7.446373e+03  0.000000e+00
317  7.446981e+03  0.000000e+00
318  7.447591e+03  0.000000e+00
319  7.448200e+03  0.000000e+00
320  7.448809e+03  0.000000e+00
321  7.449418e+03  0.000000e+00
322  7.450027e+03  0.000000e+00
323  7.450637e+03  0.000000e+00
324  7.451246e+03  0.000000e+00
325  7.451855e+03  0.000000e+00
326  7.452464e+03  0.000000e+00
327  7.453074e+03  0.000000e+00
328  7.453683e+03  0.000000e+00
329  7.454292e+03  0.000000e+00
330  7.454901e+03  0.000000e+00
331  7.455510e+03  0.000000e+00
332  7.456120e+03  0.000000e+00
333  7.456729e+03  0.000000e+00
334  7.457338e+03  0.000000e+00
335  7.457947e+03  0.000000e+00
336  7.458557e+03  0.000000e+00
337  7.459166e+03  0.000000e+00
338  7.459775e+03  0.000000e+00
339  7.460384e+03  0.000000e+00
340  7.460993e+03  0.000000e+00
341  7.461603e+03  0.000000e+00
342  7.462211e+03  0.000000e+00
343  7.462821e+03  0.000000e+00
344  7.463430e+03  0.000000e+00
345  7.464039e+03  0.000000e+00
346  7.464648e+03  0.000000e+00
347  7.465258e+03  0.000000e+00
348  7.465867e+03  0.000000e+00
349  7.466476e+03  0.000000e+00
350  7.467085e+03  0.000000e+00
351  7.467694e+03  0.000000e+00
352  7.468304e+03  0.000000e+00
353  7.468913e+03  0.000000e+00
354  7.469522e+03  0.000000e+00
355  7.470131e+03  0.000000e+00
356  7.470740e+03  0.000000e+00
357  7.471350e+03  0.000000e+00
358  7.471959e+03  0.000000e+00
359  7.472568e+03  0.000000e+00
360  7.473177e+03  0.000000e+00
361  7.473787e+03  0.000000e+00
362  7.474396e+03  0.000000e+00
363  7.475005e+03  0.000000e+00
364  7.475614e+03  0.000000e+00
365  7.476223e+03  0.000000e+00
366  7.476833e+03  0.000000e+00
367  7.477441e+03  0.000000e+00
368  7.478051e+03  0.000000e+00
369  7.478660e+03  0.000000e+00
370  7.479269e+03  0.000000e+00
371  7.479878e+03  0.000000e+00
372  7.480488e+03  0.000000e+00
373  7.481097e+03  0.000000e+00
374  7.481706e+03  0.000000e+00
375  7.482315e+03  0.000000e+00
376  7.482924e+03  0.000000e+00
377  7.483534e+03  0.000000e+00
378  7.484143e+03  0.000000e+00
379  7.484752e+03  0.000000e+00
380  7.485361e+03  0.000000e+00
381  7.485971e+03  0.000000e+00
382  7.486580e+03  0.000000e+00
383  7.487189e+03  0.000000e+00
384  7.487798e+03  0.000000e+00
385  7.488407e+03  0.000000e+00
386  7.489017e+03  0.000000e+00
387  7.489625e+03  0.000000e+00
388  7.490235e+03  0.000000e+00
389  7.490844e+03  0.000000e+00
390  7.491453e+03  0.000000e+00
391  7.492063e+03  0.000000e+00
392  7.492672e+03  0.000000e+00
393  7.493281e+03  0.000000e+00
394  7.493890e+03  0.000000e+00
395  7.494500e+03  0.000000e+00
396  7.495108e+03  0.000000e+00
397  7.495718e+03  0.000000e+00
398  7.496327e+03  0.000000e+00
399  7.496936e+03  0.000000e+00
400  7.497545e+03  0.000000e+00
401  7.498154e+03  0.000000e+00
402  7.498764e+03  0.000000e+00
403  7.499373e+03  0.000000e+00
404  7.499982e+03  0.000000e+00
405  7.500591e+03  0.000000e+00
406  7.501201e+03  0.000000e+00
407  7.501810e+03  0.000000e+00
408  7.502419e+03  0.000000e+00
409  7.503028e+03  0.000000e+00
410  7.503637e+03  0.000000e+00
411  7.504247e+03  0.000000e+00
412  7.504855e+03  0.000000e+00
413  7.505465e+03  0.000000e+00
414  7.506074e+03  0.000000e+00
415  7.506683e+03  0.000000e+00
416  7.507292e+03  0.000000e+00
417  7.507902e+03  0.000000e+00
418  7.508511e+03  0.000000e+00
419  7.509120e+03  0.000000e+00
