# Detector:    Gotthard at VonHamos
# DateCreated: 2026-09-02T14:59:29
# N = 176400

0    6.992958e+03  0.000000e+00
1    6.993299e+03  0.000000e+00
2    6.993642e+03  0.000000e+00
3    6.993983e+03  0.000000e+00
4    6.994326e+03  0.000000e+00
5    6.994667e+03  0.000000e+00
6    6.995010e+03  0.000000e+00
7    6.995352e+03  0.000000e+00
8    6.995694e+03  0.000000e+00
9    6.996036e+03  0.000000e+00
10   6.996378e+03  0.000000e+00
11   6.996720e+03  0.000000e+00
12   6.997062e+03  0.000000e+00
13   6.997404e+03  0.000000e+00
14   6.997746e+03  0.000000e+00
15   6.998088e+03  0.000000e+00
16   6.998430e+03 -3.598975e+01
17   6.998772e+03  3.482776e+01
18   6.999114e+03  2.099121e+00
19   6.999456e+03  2.328711e+01
20   6.999798e+03 -5.457227e+01
21   7.000140e+03 -6.316736e+01
22   7.000482e+03  4.572266e+01
23   7.000824e+03  6.086743e+01
24   7.001166e+03 -8.524414e+00
25   7.001508e+03  1.118420e+01
26   7.001850e+03  3.819214e+00
27   7.002192e+03 -8.474133e+01
28   7.002534e+03  3.742761e+01
29   7.002876e+03  3.645801e+01
30   7.003218e+03  2.515308e+01
31   7.003560e+03 -5.799658e+01
32   7.003902e+03 -2.968921e+01
33   7.004244e+03 -3.666333e+01
34   7.004586e+03 -6.189258e+01
35   7.004928e+03 -1.224438e+01
36   7.005271e+03  5.313696e+01
37   7.005612e+03  4.231738e+01
38   7.005955e+03  7.611157e+01
39   7.006296e+03  8.087402e+00
40   7.006639e+03 -4.797192e+01
41   7.006980e+03 -5.669971e+01
42   7.007323e+03  4.470801e+01
43   7.007665e+03  5.948804e+01
44   7.008006e+03  5.321387e+01
45   7.008349e+03 -6.049561e+01
46   7.008690e+03  1.886963e+01
47   7.009033e+03  6.930225e+01
48   7.009375e+03  3.575293e+01
49   7.009717e+03 -1.911133e+00
50   7.010059e+03  4.784790e+01
51   7.010401e+03  4.029590e+01
52   7.010743e+03 -1.834033e+01
53   7.011085e+03 -6.191504e+01
54   7.011427e+03  6.913086e+00
55   7.011769e+03  3.275317e+01
56   7.012111e+03 -3.171875e+00
57   7.012453e+03  3.110962e+01
58   7.012795e+03 -5.222729e+01
59   7.013137e+03 -3.477637e+01
60   7.013479e+03  2.727100e+01
61   7.013821e+03  8.797607e+00
62   7.014163e+03  1.323242e+01
63   7.014505e+03 -3.864087e+01
64   7.014847e+03 -2.062964e+01
65   7.015189e+03  4.880127e+00
66   7.015531e+03  1.342554e+01
67   7.015873e+03  3.562061e+01
68   7.016215e+03  2.214355e+01
69   7.016557e+03 -4.354541e+01
70   7.016899e+03  1.842773e+00
71   7.017241e+03  1.686572e+01
72   7.017583e+03 -2.450488e+01
73   7.017925e+03 -4.460498e+01
74   7.018267e+03  8.014160e+00
75   7.018609e+03 -3.421387e+00
76   7.018951e+03  1.526221e+01
77   7.019293e+03 -3.656982e+01
78   7.019635e+03  4.625195e+01
79   7.019978e+03  5.246826e+01
80   7.020319e+03  5.314063e+01
81   7.020662e+03 -4.428955e+01
82   7.021003e+03  6.564893e+01
83   7.021346e+03 -4.518506e+01
84   7.021688e+03 -8.236621e+01
85   7.022030e+03  1.112974e+02
86   7.022372e+03 -1.153027e+02
87   7.022713e+03  9.659668e+01
88   7.023056e+03 -6.797607e+01
89   7.023397e+03 -6.155273e+01
90   7.023740e+03 -1.022070e+02
91   7.024082e+03  1.312979e+02
92   7.024424e+03  9.659424e+01
93   7.024766e+03  1.242051e+02
94   7.025108e+03 -3.956689e+01
95   7.025450e+03  6.627148e+01
96   7.025792e+03 -1.095444e+02
97   7.026134e+03  3.520313e+01
98   7.026476e+03  5.697168e+01
99   7.026818e+03 -1.613730e+02
100  7.027160e+03 -5.979492e+01
101  7.027502e+03 -1.097070e+02
102  7.027844e+03  5.513086e+01
103  7.028186e+03  8.599121e+01
104  7.028528e+03 -1.084668e+01
105  7.028870e+03 -5.626953e+00
106  7.029212e+03  7.286621e+01
107  7.029554e+03 -3.468945e+01
108  7.029896e+03  1.020215e+01
109  7.030238e+03  3.710938e+01
110  7.030580e+03  1.990146e+02
111  7.030922e+03  1.037051e+02
112  7.031264e+03  1.373193e+02
113  7.031606e+03  1.240137e+01
114  7.031948e+03  1.980957e+01
115  7.032291e+03 -5.122461e+01
116  7.032632e+03 -1.188789e+02
117  7.032974e+03  1.875508e+02
118  7.033316e+03 -3.843164e+01
119  7.033658e+03  3.286914e+01
120  7.034000e+03  1.323828e+01
121  7.034342e+03 -2.147949e+02
122  7.034685e+03 -8.000000e+00
123  7.035026e+03  2.494551e+02
124  7.035369e+03  1.156484e+02
125  7.035710e+03 -1.465098e+02
126  7.036053e+03 -9.396484e+00
127  7.036395e+03  1.097676e+02
128  7.036737e+03 -2.828711e+02
129  7.037079e+03  1.064902e+02
130  7.037421e+03 -8.957813e+01
131  7.037763e+03 -2.825352e+02
132  7.038104e+03  2.334141e+02
133  7.038447e+03  2.096836e+02
134  7.038789e+03 -2.316406e+00
135  7.039131e+03 -2.075898e+02
136  7.039473e+03  2.408945e+02
137  7.039815e+03  5.241797e+01
138  7.040157e+03 -2.749609e+02
139  7.040499e+03  3.335703e+02
140  7.040841e+03  6.814453e+01
141  7.041183e+03 -7.332813e+01
142  7.041525e+03  3.697500e+02
143  7.041867e+03 -1.318906e+02
144  7.042209e+03  2.837383e+02
145  7.042551e+03 -1.344766e+02
146  7.042893e+03  2.197656e+02
147  7.043235e+03  3.107188e+02
148  7.043577e+03  4.807031e+02
149  7.043919e+03 -2.268750e+01
150  7.044261e+03  1.348281e+02
151  7.044603e+03  2.393125e+02
152  7.044945e+03  2.032188e+02
153  7.045287e+03 -1.768047e+02
154  7.045629e+03 -2.547891e+02
155  7.045971e+03  3.290547e+02
156  7.046313e+03 -5.389063e+01
157  7.046655e+03  1.766563e+02
158  7.046998e+03 -1.856016e+02
159  7.047339e+03  4.813828e+02
160  7.047681e+03  8.629688e+01
161  7.048023e+03 -7.773438e+00
162  7.048365e+03  3.881719e+02
163  7.048708e+03 -2.096563e+02
164  7.049049e+03  2.382656e+02
165  7.049392e+03  1.482500e+02
166  7.049733e+03 -4.362031e+02
167  7.050076e+03  3.312500e+01
168  7.050417e+03 -2.625625e+02
169  7.050760e+03 -2.734375e+01
170  7.051102e+03 -3.747500e+02
171  7.051444e+03  4.602344e+02
172  7.051786e+03 -7.025000e+01
173  7.052128e+03  2.270156e+02
174  7.052470e+03  1.004688e+02
175  7.052812e+03  2.721875e+01
176  7.053154e+03 -1.222656e+02
177  7.053496e+03 -5.003125e+01
178  7.053838e+03 -9.593750e+01
179  7.054180e+03 -3.098750e+02
180  7.054522e+03 -4.447031e+02
181  7.054864e+03  3.630313e+02
182  7.055206e+03 -2.069688e+02
183  7.055548e+03 -6.560938e+02
184  7.055890e+03 -3.009375e+02
185  7.056232e+03 -6.002188e+02
186  7.056574e+03 -1.980625e+02
187  7.056916e+03 -1.392125e+03
188  7.057258e+03 -4.688750e+02
189  7.057600e+03  9.468125e+02
190  7.057942e+03 -6.724375e+02
191  7.058284e+03 -7.215625e+02
192  7.058626e+03 -1.231750e+03
193  7.058968e+03  1.385438e+03
194  7.059310e+03 -9.193750e+01
195  7.059652e+03  6.369375e+02
196  7.059994e+03  3.307813e+02
197  7.060336e+03  7.094688e+02
198  7.060678e+03  4.134688e+02
199  7.061021e+03 -9.551563e+01
200  7.061362e+03  1.473750e+02
201  7.061705e+03  1.868906e+02
202  7.062046e+03 -1.175938e+02
203  7.062388e+03 -3.815469e+02
204  7.062730e+03  2.403438e+02
205  7.063072e+03 -3.920313e+01
206  7.063415e+03  5.568750e+02
207  7.063756e+03  1.455938e+02
208  7.064099e+03  3.605781e+02
209  7.064440e+03  2.782188e+02
210  7.064783e+03 -1.551172e+01
211  7.065125e+03  4.191406e+00
212  7.065467e+03  1.016563e+02
213  7.065809e+03  5.729297e+01
214  7.066151e+03 -1.417617e+02
215  7.066493e+03  3.819922e+01
216  7.066835e+03  3.951172e+01
217  7.067177e+03  3.143359e+01
218  7.067519e+03  3.893164e+01
219  7.067861e+03 -3.578320e+01
220  7.068203e+03 -1.959219e+02
221  7.068545e+03  1.709102e+02
222  7.068887e+03  8.297266e+01
223  7.069229e+03 -1.146152e+02
224  7.069571e+03 -1.994531e+01
225  7.069913e+03  1.218926e+02
226  7.070255e+03 -9.639453e+01
227  7.070597e+03 -3.009375e+01
228  7.070939e+03 -1.339121e+02
229  7.071281e+03 -4.572461e+01
230  7.071623e+03 -4.514258e+01
231  7.071965e+03  3.792090e+01
232  7.072307e+03  7.588086e+01
233  7.072649e+03  1.332480e+02
234  7.072991e+03 -1.909229e+02
235  7.073333e+03  4.363574e+01
236  7.073675e+03  1.009756e+02
237  7.074017e+03 -2.788379e+01
238  7.074359e+03  1.306729e+02
239  7.074701e+03  8.436133e+01
240  7.075043e+03  1.457578e+02
241  7.075385e+03  6.332031e+01
242  7.075728e+03 -1.892188e+01
243  7.076069e+03  6.614648e+01
244  7.076412e+03  8.800488e+01
245  7.076753e+03  1.385645e+01
246  7.077095e+03  2.704492e+01
247  7.077438e+03  1.126953e+01
248  7.077779e+03  5.672461e+01
249  7.078122e+03  5.777686e+01
250  7.078463e+03 -7.906006e+01
251  7.078806e+03 -5.658838e+01
252  7.079147e+03 -1.099482e+02
253  7.079490e+03 -4.926270e+00
254  7.079832e+03  2.919922e-01
255  7.080174e+03 -5.764697e+01
256  7.080516e+03 -1.872363e+01
257  7.080858e+03  1.172852e+01
258  7.081200e+03  1.310400e+01
259  7.081542e+03  6.350293e+01
260  7.081884e+03  2.680615e+01
261  7.082226e+03  7.390625e+01
262  7.082568e+03  2.428760e+01
263  7.082910e+03  1.423711e+02
264  7.083252e+03 -1.285010e+01
265  7.083594e+03 -1.095264e+02
266  7.083936e+03  3.540088e+01
267  7.084278e+03 -1.063281e+01
268  7.084620e+03  4.540186e+01
269  7.084962e+03  8.075342e+01
270  7.085304e+03 -4.611572e+01
271  7.085646e+03 -3.861865e+01
272  7.085988e+03 -2.617578e+01
273  7.086330e+03  8.555957e+01
274  7.086672e+03  6.177539e+01
275  7.087014e+03 -2.240918e+01
276  7.087356e+03 -7.893848e+01
277  7.087698e+03 -2.152734e+01
278  7.088040e+03  3.317285e+01
279  7.088382e+03  6.054150e+01
280  7.088724e+03 -2.933008e+01
281  7.089066e+03 -5.155029e+00
282  7.089408e+03 -2.455200e+01
283  7.089750e+03 -1.299609e+01
284  7.090092e+03  4.572119e+01
285  7.090435e+03  2.014893e+01
286  7.090776e+03 -6.521387e+01
287  7.091119e+03 -1.461670e+00
288  7.091460e+03 -6.053174e+01
289  7.091803e+03 -8.188477e+00
290  7.092145e+03 -1.806958e+01
291  7.092486e+03  1.965063e+01
292  7.092829e+03 -3.743481e+01
293  7.093170e+03 -6.402344e+01
294  7.093513e+03 -2.933008e+01
295  7.093854e+03 -4.718994e+01
296  7.094197e+03  1.025732e+01
297  7.094539e+03  0.000000e+00
298  7.094881e+03  0.000000e+00
299  7.095223e+03  0.000000e+00
300  7.095565e+03  0.000000e+00
301  7.095907e+03  0.000000e+00
302  7.096249e+03  0.000000e+00
303  7.096591e+03  0.000000e+00
304  7.096933e+03  0.000000e+00
305  7.097275e+03  0.000000e+00
306  7.097617e+03  0.000000e+00
307  7.097959e+03  0.000000e+00
308  7.098301e+03  0.000000e+00
309  7.098643e+03  0.000000e+00
310  7.098985e+03  0.000000e+00
311  7.099327e+03  0.000000e+00
312  7.099669e+03  0.000000e+00
313  7.100011e+03  0.000000e+00
314  7.100353e+03  0.000000e+00
315  7.100695e+03  0.000000e+00
316  7.101037e+03  0.000000e+00
317  7.101379e+03  0.000000e+00
318  7.101721e+03  0.000000e+00
319  7.102063e+03  0.000000e+00
320  7.102405e+03  0.000000e+00
321  7.102747e+03  0.000000e+00
322  7.103089e+03  0.000000e+00
323  7.103431e+03  0.000000e+00
324  7.103773e+03  0.000000e+00
325  7.104115e+03  0.000000e+00
326  7.104458e+03  0.000000e+00
327  7.104799e+03  0.000000e+00
328  7.105142e+03  0.000000e+00
329  7.105483e+03  0.000000e+00
330  7.105826e+03  0.000000e+00
331  7.106167e+03  0.000000e+00
332  7.106510e+03  0.000000e+00
333  7.106852e+03  0.000000e+00
334  7.107193e+03  0.000000e+00
335  7.107536e+03  0.000000e+00
336  7.107877e+03  0.000000e+00
337  7.108220e+03  0.000000e+00
338  7.108562e+03  0.000000e+00
339  7.108904e+03  0.000000e+00
340  7.109246e+03  0.000000e+00
341  7.109588e+03  0.000000e+00
342  7.109930e+03  0.000000e+00
343  7.110272e+03  0.000000e+00
344  7.110614e+03  0.000000e+00
345  7.110956e+03  0.000000e+00
346  7.111298e+03  0.000000e+00
347  7.111640e+03  0.000000e+00
348  7.111982e+03  0.000000e+00
349  7.112324e+03  0.000000e+00
350  7.112666e+03  0.000000e+00
351  7.113008e+03  0.000000e+00
352  7.113350e+03  0.000000e+00
353  7.113692e+03  0.000000e+00
354  7.114034e+03  0.000000e+00
355  7.114376e+03  0.000000e+00
356  7.114718e+03  0.000000e+00
357  7.115060e+03  0.000000e+00
358  7.115402e+03  0.000000e+00
359  7.115744e+03  0.000000e+00
360  7.116086e+03  0.000000e+00
361  7.116428e+03  0.000000e+00
362  7.116770e+03  0.000000e+00
363  7.117112e+03  0.000000e+00
364  7.117454e+03  0.000000e+00
365  7.117796e+03  0.000000e+00
366  7.118138e+03  0.000000e+00
367  7.118480e+03  0.000000e+00
368  7.118822e+03  0.000000e+00
369  7.119165e+03  0.000000e+00
370  7.119506e+03  0.000000e+00
371  7.119849e+03  0.000000e+00
372  7.120190e+03  0.000000e+00
373  7.120533e+03  0.000000e+00
374  7.120875e+03  0.000000e+00
375  7.121217e+03  0.000000e+00
376  7.121559e+03  0.000000e+00
377  7.121900e+03  0.000000e+00
378  7.122243e+03  0.000000e+00
379  7.122584e+03  0.000000e+00
380  7.122927e+03  0.000000e+00
381  7.123269e+03  0.000000e+00
382  7.123611e+03  0.000000e+00
383  7.123953e+03  0.000000e+00
384  7.124295e+03  0.000000e+00
385  7.124637e+03  0.000000e+00
386  7.124979e+03  0.000000e+00
387  7.125321e+03  0.000000e+00
388  7.125663e+03  0.000000e+00
389  7.126005e+03  0.000000e+00
390  7.126347e+03  0.000000e+00
391  7.126689e+03  0.000000e+00
392  7.127031e+03  0.000000e+00
393  7.127373e+03  0.000000e+00
394  7.127715e+03  0.000000e+00
395  7.128057e+03  0.000000e+00
396  7.128399e+03  0.000000e+00
397  7.128741e+03  0.000000e+00
398  7.129083e+03  0.000000e+00
399  7.129425e+03  0.000000e+00
400  7.129767e+03  0.000000e+00
401  7.130109e+03  0.000000e+00
402  7.130451e+03  0.000000e+00
403  7.130793e+03  0.000000e+00
404  7.131135e+03  0.000000e+00
405  7.131477e+03  0.000000e+00
406  7.131819e+03  0.000000e+00
407  7.132161e+03  0.000000e+00
408  7.132503e+03  0.000000e+00
409  7.132845e+03  0.000000e+00
410  7.133188e+03  0.000000e+00
411  7.133529e+03  0.000000e+00
412  7.133872e+03  0.000000e+00
413  7.134213e+03  0.000000e+00
414  7.134556e+03  0.000000e+00
415  7.134897e+03  0.000000e+00
416  7.135240e+03  0.000000e+00
417  7.135582e+03  0.000000e+00
418  7.135924e+03  0.000000e+00
419  7.136266e+03  0.000000e+00
