# Detector:    Gotthard at VonHamos
# DateCreated: 2026-09-02T11:00:40
# N = 176400

0    6.944618e+03  0.000000e+00
1    6.945048e+03  0.000000e+00
2    6.945478e+03  0.000000e+00
3    6.945908e+03  0.000000e+00
4    6.946338e+03  0.000000e+00
5    6.946768e+03  0.000000e+00
6    6.947198e+03  0.000000e+00
7    6.947628e+03  0.000000e+00
8    6.948058e+03  0.000000e+00
9    6.948488e+03  0.000000e+00
10   6.948918e+03  0.000000e+00
11   6.949348e+03  0.000000e+00
12   6.949778e+03  0.000000e+00
13   6.950208e+03  0.000000e+00
14   6.950638e+03  0.000000e+00
15   6.951068e+03  0.000000e+00
16   6.951498e+03  0.000000e+00
17   6.951928e+03  0.000000e+00
18   6.952358e+03  0.000000e+00
19   6.952788e+03  0.000000e+00
20   6.953218e+03  0.000000e+00
21   6.953648e+03  0.000000e+00
22   6.954078e+03  0.000000e+00
23   6.954508e+03  0.000000e+00
24   6.954938e+03  0.000000e+00
25   6.955368e+03  0.000000e+00
26   6.955798e+03  0.000000e+00
27   6.956228e+03  0.000000e+00
28   6.956658e+03  0.000000e+00
29   6.957088e+03  0.000000e+00
30   6.957518e+03  0.000000e+00
31   6.957948e+03  0.000000e+00
32   6.958378e+03  0.000000e+00
33   6.958808e+03  0.000000e+00
34   6.959238e+03  0.000000e+00
35   6.959668e+03  0.000000e+00
36   6.960098e+03  0.000000e+00
37   6.960528e+03  0.000000e+00
38   6.960958e+03  0.000000e+00
39   6.961388e+03  0.000000e+00
40   6.961818e+03  0.000000e+00
41   6.962248e+03  0.000000e+00
42   6.962678e+03  0.000000e+00
43   6.963108e+03  0.000000e+00
44   6.963538e+03  0.000000e+00
45   6.963968e+03  0.000000e+00
46   6.964398e+03  0.000000e+00
47   6.964828e+03  0.000000e+00
48   6.965258e+03  0.000000e+00
49   6.965688e+03  0.000000e+00
50   6.966118e+03  0.000000e+00
51   6.966548e+03  0.000000e+00
52   6.966979e+03  0.000000e+00
53   6.967408e+03  0.000000e+00
54   6.967838e+03  0.000000e+00
55   6.968268e+03  0.000000e+00
56   6.968698e+03  0.000000e+00
57   6.969128e+03  0.000000e+00
58   6.969558e+03  0.000000e+00
59   6.969988e+03  0.000000e+00
60   6.970418e+03  0.000000e+00
61   6.970848e+03  0.000000e+00
62   6.971278e+03  0.000000e+00
63   6.971708e+03  0.000000e+00
64   6.972138e+03  0.000000e+00
65   6.972568e+03  0.000000e+00
66   6.972999e+03  0.000000e+00
67   6.973428e+03  0.000000e+00
68   6.973858e+03  0.000000e+00
69   6.974288e+03  0.000000e+00
70   6.974718e+03  0.000000e+00
71   6.975148e+03  0.000000e+00
72   6.975578e+03  0.000000e+00
73   6.976008e+03  0.000000e+00
74   6.976438e+03  0.000000e+00
75   6.976868e+03  0.000000e+00
76   6.977298e+03  0.000000e+00
77   6.977729e+03  0.000000e+00
78   6.978158e+03  0.000000e+00
79   6.978588e+03  0.000000e+00
80   6.979019e+03  0.000000e+00
81   6.979448e+03  0.000000e+00
82   6.979878e+03  0.000000e+00
83   6.980308e+03  0.000000e+00
84   6.980738e+03  0.000000e+00
85   6.981168e+03  0.000000e+00
86   6.981598e+03  0.000000e+00
87   6.982028e+03  0.000000e+00
88   6.982458e+03  0.000000e+00
89   6.982888e+03  0.000000e+00
90   6.983318e+03  0.000000e+00
91   6.983749e+03  0.000000e+00
92   6.984178e+03  0.000000e+00
93   6.984608e+03  0.000000e+00
94   6.985039e+03  0.000000e+00
95   6.985468e+03  0.000000e+00
96   6.985898e+03  0.000000e+00
97   6.986329e+03  0.000000e+00
98   6.986758e+03  0.000000e+00
99   6.987188e+03  0.000000e+00
100  6.987618e+03  0.000000e+00
101  6.988048e+03  0.000000e+00
102  6.988479e+03  0.000000e+00
103  6.988908e+03  0.000000e+00
104  6.989338e+03  0.000000e+00
105  6.989769e+03  0.000000e+00
106  6.990198e+03  0.000000e+00
107  6.990628e+03  2.371174e+00
108  6.991059e+03  1.755772e+00
109  6.991488e+03  1.486519e+00
110  6.991918e+03  1.732531e+00
111  6.992349e+03  3.811417e+00
112  6.992778e+03  1.041143e+00
113  6.993208e+03  1.476598e+00
114  6.993638e+03  1.473918e+00
115  6.994068e+03  2.047763e+00
116  6.994499e+03  4.093251e+00
117  6.994928e+03  1.591404e+00
118  6.995358e+03  3.238091e+00
119  6.995789e+03  1.556649e+00
120  6.996218e+03  2.267506e+00
121  6.996648e+03  1.147722e+00
122  6.997079e+03  3.136864e+00
123  6.997508e+03  2.499309e+00
124  6.997938e+03  3.261343e+00
125  6.998369e+03  2.301248e+00
126  6.998798e+03  2.852586e+00
127  6.999229e+03  1.929276e+00
128  6.999658e+03  4.217640e+00
129  7.000088e+03  2.266090e+00
130  7.000519e+03  3.967111e+00
131  7.000948e+03  2.158717e+00
132  7.001378e+03  2.927827e+00
133  7.001809e+03  2.345121e+00
134  7.002238e+03  1.636030e+00
135  7.002668e+03  2.421607e+00
136  7.003099e+03  3.964869e+00
137  7.003528e+03  3.979874e+00
138  7.003958e+03  5.262800e+00
139  7.004389e+03  3.291091e+00
140  7.004818e+03  4.605207e+00
141  7.005249e+03  2.725086e+00
142  7.005679e+03  4.930623e+00
143  7.006108e+03  5.169012e+00
144  7.006539e+03  4.636107e+00
145  7.006968e+03  3.567515e+00
146  7.007398e+03  3.046874e+00
147  7.007829e+03  4.482096e+00
148  7.008258e+03  2.385326e+00
149  7.008688e+03  3.569215e+00
150  7.009119e+03  2.627026e+00
151  7.009548e+03  5.920512e+00
152  7.009979e+03  3.122801e+00
153  7.010409e+03  3.542109e+00
154  7.010838e+03  4.916190e+00
155  7.011269e+03  3.194971e+00
156  7.011699e+03  4.904676e+00
157  7.012128e+03  6.598691e+00
158  7.012559e+03  3.410966e+00
159  7.012988e+03  3.611218e+00
160  7.013418e+03  4.524776e+00
161  7.013849e+03  7.259818e+00
162  7.014278e+03  5.613895e+00
163  7.014708e+03  5.221137e+00
164  7.015139e+03  6.971567e+00
165  7.015568e+03  8.548183e+00
166  7.015999e+03  7.022178e+00
167  7.016429e+03  6.315906e+00
168  7.016858e+03  7.289141e+00
169  7.017289e+03  9.649399e+00
170  7.017719e+03  8.253763e+00
171  7.018148e+03  1.038646e+01
172  7.018579e+03  9.447404e+00
173  7.019008e+03  9.556458e+00
174  7.019438e+03  8.538988e+00
175  7.019869e+03  9.539927e+00
176  7.020298e+03  8.680434e+00
177  7.020729e+03  1.091616e+01
178  7.021159e+03  8.690462e+00
179  7.021588e+03  1.211285e+01
180  7.022019e+03  9.619865e+00
181  7.022449e+03  1.022736e+01
182  7.022878e+03  8.643072e+00
183  7.023309e+03  1.346284e+01
184  7.023739e+03  1.372832e+01
185  7.024168e+03  1.446428e+01
186  7.024599e+03  1.477610e+01
187  7.025028e+03  1.132433e+01
188  7.025458e+03  9.769863e+00
189  7.025889e+03  1.160591e+01
190  7.026318e+03  1.817524e+01
191  7.026749e+03  1.214068e+01
192  7.027179e+03  1.763057e+01
193  7.027608e+03  1.704958e+01
194  7.028039e+03  1.721635e+01
195  7.028469e+03  2.203537e+01
196  7.028898e+03  1.849927e+01
197  7.029329e+03  2.134065e+01
198  7.029759e+03  1.819653e+01
199  7.030188e+03  2.521288e+01
200  7.030619e+03  2.270440e+01
201  7.031049e+03  2.868894e+01
202  7.031479e+03  2.856985e+01
203  7.031909e+03  2.702543e+01
204  7.032338e+03  2.662484e+01
205  7.032769e+03  2.880687e+01
206  7.033199e+03  2.636292e+01
207  7.033628e+03  3.845492e+01
208  7.034059e+03  3.411487e+01
209  7.034489e+03  3.610432e+01
210  7.034918e+03  3.429507e+01
211  7.035349e+03  3.689602e+01
212  7.035779e+03  4.462621e+01
213  7.036208e+03  5.354190e+01
214  7.036639e+03  5.186949e+01
215  7.037069e+03  5.783353e+01
216  7.037499e+03  6.002989e+01
217  7.037929e+03  6.709017e+01
218  7.038358e+03  6.120446e+01
219  7.038789e+03  7.345834e+01
220  7.039219e+03  6.951723e+01
221  7.039648e+03  8.204700e+01
222  7.040079e+03  9.000848e+01
223  7.040509e+03  9.560066e+01
224  7.040938e+03  9.722972e+01
225  7.041369e+03  8.978497e+01
226  7.041799e+03  1.093454e+02
227  7.042229e+03  1.149617e+02
228  7.042659e+03  1.232889e+02
229  7.043089e+03  1.263727e+02
230  7.043519e+03  1.352426e+02
231  7.043949e+03  1.341290e+02
232  7.044379e+03  1.346109e+02
233  7.044809e+03  1.442822e+02
234  7.045239e+03  1.612307e+02
235  7.045668e+03  1.578853e+02
236  7.046099e+03  1.767396e+02
237  7.046529e+03  1.831537e+02
238  7.046958e+03  1.935853e+02
239  7.047389e+03  2.017666e+02
240  7.047819e+03  2.166861e+02
241  7.048249e+03  2.129275e+02
242  7.048679e+03  2.113600e+02
243  7.049109e+03  2.236521e+02
244  7.049539e+03  2.365808e+02
245  7.049969e+03  2.464355e+02
246  7.050399e+03  2.489727e+02
247  7.050829e+03  2.794252e+02
248  7.051259e+03  2.754812e+02
249  7.051688e+03  2.811358e+02
250  7.052119e+03  3.081189e+02
251  7.052549e+03  3.049620e+02
252  7.052979e+03  3.212942e+02
253  7.053409e+03  3.311064e+02
254  7.053839e+03  3.585043e+02
255  7.054269e+03  3.880076e+02
256  7.054699e+03  4.286680e+02
257  7.055129e+03  4.809431e+02
258  7.055559e+03  5.798295e+02
259  7.055989e+03  6.866835e+02
260  7.056419e+03  8.803723e+02
261  7.056849e+03  1.070865e+03
262  7.057279e+03  1.279036e+03
263  7.057708e+03  1.441661e+03
264  7.058139e+03  1.512861e+03
265  7.058569e+03  1.442618e+03
266  7.058999e+03  1.289876e+03
267  7.059429e+03  1.059189e+03
268  7.059859e+03  8.619175e+02
269  7.060289e+03  6.621643e+02
270  7.060719e+03  5.204697e+02
271  7.061149e+03  4.034658e+02
272  7.061579e+03  3.289367e+02
273  7.062009e+03  2.595729e+02
274  7.062439e+03  2.140346e+02
275  7.062869e+03  1.768509e+02
276  7.063299e+03  1.337384e+02
277  7.063729e+03  1.323631e+02
278  7.064159e+03  1.142224e+02
279  7.064589e+03  9.041977e+01
280  7.065019e+03  8.211654e+01
281  7.065449e+03  7.759544e+01
282  7.065879e+03  7.082801e+01
283  7.066309e+03  6.240949e+01
284  7.066739e+03  6.124450e+01
285  7.067169e+03  4.818840e+01
286  7.067599e+03  4.887494e+01
287  7.068029e+03  5.114611e+01
288  7.068459e+03  4.803543e+01
289  7.068889e+03  3.854610e+01
290  7.069319e+03  3.801604e+01
291  7.069749e+03  3.926559e+01
292  7.070179e+03  2.828872e+01
293  7.070609e+03  3.267179e+01
294  7.071039e+03  2.617806e+01
295  7.071469e+03  3.255042e+01
296  7.071899e+03  2.367171e+01
297  7.072329e+03  2.484061e+01
298  7.072759e+03  2.127271e+01
299  7.073189e+03  2.631593e+01
300  7.073619e+03  1.838454e+01
301  7.074049e+03  2.307059e+01
302  7.074479e+03  1.532277e+01
303  7.074909e+03  1.962646e+01
304  7.075339e+03  1.695777e+01
305  7.075769e+03  1.954553e+01
306  7.076199e+03  1.982985e+01
307  7.076629e+03  1.272147e+01
308  7.077059e+03  1.249882e+01
309  7.077489e+03  1.235544e+01
310  7.077919e+03  1.616714e+01
311  7.078349e+03  1.459805e+01
312  7.078779e+03  1.531589e+01
313  7.079209e+03  1.394734e+01
314  7.079639e+03  0.000000e+00
315  7.080069e+03  0.000000e+00
316  7.080499e+03  0.000000e+00
317  7.080929e+03  0.000000e+00
318  7.081359e+03  0.000000e+00
319  7.081789e+03  0.000000e+00
320  7.082219e+03  0.000000e+00
321  7.082649e+03  0.000000e+00
322  7.083079e+03  0.000000e+00
323  7.083509e+03  0.000000e+00
324  7.083939e+03  0.000000e+00
325  7.084369e+03  0.000000e+00
326  7.084799e+03  0.000000e+00
327  7.085229e+03  0.000000e+00
328  7.085659e+03  0.000000e+00
329  7.086089e+03  0.000000e+00
330  7.086519e+03  0.000000e+00
331  7.086949e+03  0.000000e+00
332  7.087379e+03  0.000000e+00
333  7.087809e+03  0.000000e+00
334  7.088239e+03  0.000000e+00
335  7.088669e+03  0.000000e+00
336  7.089099e+03  0.000000e+00
337  7.089529e+03  0.000000e+00
338  7.089959e+03  0.000000e+00
339  7.090389e+03  0.000000e+00
340  7.090819e+03  0.000000e+00
341  7.091249e+03  0.000000e+00
342  7.091679e+03  0.000000e+00
343  7.092109e+03  0.000000e+00
344  7.092539e+03  0.000000e+00
345  7.092969e+03  0.000000e+00
346  7.093399e+03  0.000000e+00
347  7.093829e+03  0.000000e+00
348  7.094259e+03  0.000000e+00
349  7.094689e+03  0.000000e+00
350  7.095119e+03  0.000000e+00
351  7.095549e+03  0.000000e+00
352  7.095979e+03  0.000000e+00
353  7.096409e+03  0.000000e+00
354  7.096839e+03  0.000000e+00
355  7.097269e+03  0.000000e+00
356  7.097699e+03  0.000000e+00
357  7.098129e+03  0.000000e+00
358  7.098559e+03  0.000000e+00
359  7.098989e+03  0.000000e+00
360  7.099419e+03  0.000000e+00
361  7.099849e+03  0.000000e+00
362  7.100279e+03  0.000000e+00
363  7.100709e+03  0.000000e+00
364  7.101139e+03  0.000000e+00
365  7.101569e+03  0.000000e+00
366  7.101999e+03  0.000000e+00
367  7.102429e+03  0.000000e+00
368  7.102859e+03  0.000000e+00
369  7.103289e+03  0.000000e+00
370  7.103719e+03  0.000000e+00
371  7.104149e+03  0.000000e+00
372  7.104579e+03  0.000000e+00
373  7.105009e+03  0.000000e+00
374  7.105439e+03  0.000000e+00
375  7.105869e+03  0.000000e+00
376  7.106299e+03  0.000000e+00
377  7.106729e+03  0.000000e+00
378  7.107159e+03  0.000000e+00
379  7.107589e+03  0.000000e+00
380  7.108019e+03  0.000000e+00
381  7.108449e+03  0.000000e+00
382  7.108879e+03  0.000000e+00
383  7.109309e+03  0.000000e+00
384  7.109739e+03  0.000000e+00
385  7.110169e+03  0.000000e+00
386  7.110599e+03  0.000000e+00
387  7.111029e+03  0.000000e+00
388  7.111459e+03  0.000000e+00
389  7.111889e+03  0.000000e+00
390  7.112319e+03  0.000000e+00
391  7.112749e+03  0.000000e+00
392  7.113179e+03  0.000000e+00
393  7.113609e+03  0.000000e+00
394  7.114039e+03  0.000000e+00
395  7.114469e+03  0.000000e+00
396  7.114899e+03  0.000000e+00
397  7.115329e+03  0.000000e+00
398  7.115759e+03  0.000000e+00
399  7.116189e+03  0.000000e+00
400  7.116619e+03  0.000000e+00
401  7.117049e+03  0.000000e+00
402  7.117479e+03  0.000000e+00
403  7.117909e+03  0.000000e+00
404  7.118339e+03  0.000000e+00
405  7.118769e+03  0.000000e+00
406  7.119199e+03  0.000000e+00
407  7.119629e+03  0.000000e+00
408  7.120059e+03  0.000000e+00
409  7.120489e+03  0.000000e+00
410  7.120919e+03  0.000000e+00
411  7.121349e+03  0.000000e+00
412  7.121779e+03  0.000000e+00
413  7.122209e+03  0.000000e+00
414  7.122639e+03  0.000000e+00
415  7.123069e+03  0.000000e+00
416  7.123499e+03  0.000000e+00
417  7.123929e+03  0.000000e+00
418  7.124359e+03  0.000000e+00
419  7.124789e+03  0.000000e+00
