# Detector:    Gotthard at VonHamos
# DateCreated: 2026-09-02T16:53:06
# N = 176400

0    6.974226e+03  0.000000e+00
1    6.974686e+03  0.000000e+00
2    6.975145e+03  0.000000e+00
3    6.975604e+03  0.000000e+00
4    6.976064e+03  0.000000e+00
5    6.976523e+03  0.000000e+00
6    6.976983e+03  0.000000e+00
7    6.977442e+03  0.000000e+00
8    6.977901e+03  0.000000e+00
9    6.978361e+03  0.000000e+00
10   6.978820e+03  0.000000e+00
11   6.979280e+03  0.000000e+00
12   6.979739e+03  0.000000e+00
13   6.980199e+03  0.000000e+00
14   6.980658e+03  0.000000e+00
15   6.981118e+03  0.000000e+00
16   6.981577e+03  0.000000e+00
17   6.982037e+03  0.000000e+00
18   6.982496e+03  0.000000e+00
19   6.982956e+03  0.000000e+00
20   6.983415e+03  0.000000e+00
21   6.983874e+03  0.000000e+00
22   6.984333e+03  0.000000e+00
23   6.984793e+03  0.000000e+00
24   6.985252e+03  0.000000e+00
25   6.985712e+03  0.000000e+00
26   6.986171e+03  0.000000e+00
27   6.986631e+03  0.000000e+00
28   6.987090e+03  0.000000e+00
29   6.987550e+03  0.000000e+00
30   6.988009e+03  0.000000e+00
31   6.988469e+03  0.000000e+00
32   6.988928e+03  0.000000e+00
33   6.989387e+03  0.000000e+00
34   6.989847e+03  0.000000e+00
35   6.990306e+03  0.000000e+00
36   6.990766e+03  0.000000e+00
37   6.991225e+03  0.000000e+00
38   6.991685e+03  0.000000e+00
39   6.992144e+03  0.000000e+00
40   6.992604e+03  0.000000e+00
41   6.993063e+03  0.000000e+00
42   6.993522e+03  0.000000e+00
43   6.993982e+03  0.000000e+00
44   6.994441e+03  0.000000e+00
45   6.994901e+03  0.000000e+00
46   6.995360e+03  0.000000e+00
47   6.995819e+03  0.000000e+00
48   6.996279e+03  0.000000e+00
49   6.996738e+03  0.000000e+00
50   6.997198e+03  0.000000e+00
51   6.997657e+03  0.000000e+00
52   6.998117e+03  0.000000e+00
53   6.998576e+03  0.000000e+00
54   6.999036e+03  0.000000e+00
55   6.999495e+03  0.000000e+00
56   6.999955e+03  0.000000e+00
57   7.000414e+03  0.000000e+00
58   7.000874e+03  0.000000e+00
59   7.001333e+03  0.000000e+00
60   7.001792e+03  0.000000e+00
61   7.002251e+03  0.000000e+00
62   7.002711e+03  0.000000e+00
63   7.003170e+03  0.000000e+00
64   7.003630e+03  0.000000e+00
65   7.004089e+03  0.000000e+00
66   7.004549e+03  0.000000e+00
67   7.005008e+03  0.000000e+00
68   7.005468e+03  0.000000e+00
69   7.005927e+03  0.000000e+00
70   7.006387e+03  0.000000e+00
71   7.006846e+03  0.000000e+00
72   7.007306e+03  0.000000e+00
73   7.007765e+03  0.000000e+00
74   7.008224e+03  1.286460e+02
75   7.008684e+03 -5.596895e+02
76   7.009143e+03 -4.281086e+02
77   7.009603e+03  1.087682e+03
78   7.010062e+03  4.446995e+02
79   7.010521e+03 -1.454277e+02
80   7.010981e+03 -6.826514e+01
81   7.011440e+03 -5.254202e+02
82   7.011900e+03  2.797791e+02
83   7.012359e+03  3.422751e+02
84   7.012819e+03 -4.214531e+02
85   7.013278e+03 -2.879050e+02
86   7.013737e+03 -8.051655e+02
87   7.014197e+03  5.165125e+02
88   7.014656e+03  2.554424e+02
89   7.015116e+03 -7.196284e+02
90   7.015575e+03  4.418027e+02
91   7.016035e+03 -4.162817e+01
92   7.016494e+03 -1.091552e+03
93   7.016954e+03 -1.661824e+02
94   7.017413e+03 -9.574758e+02
95   7.017873e+03 -7.094497e+02
96   7.018332e+03 -3.992649e+02
97   7.018792e+03 -1.201556e+03
98   7.019251e+03 -1.240144e+02
99   7.019710e+03 -1.173145e+03
100  7.020169e+03 -5.201274e+02
101  7.020629e+03 -9.856250e+01
102  7.021088e+03  1.484194e+02
103  7.021548e+03 -6.448691e+02
104  7.022007e+03 -2.959204e+02
105  7.022467e+03 -1.098403e+02
106  7.022926e+03 -1.121510e+03
107  7.023386e+03 -1.838325e+02
108  7.023845e+03 -7.235303e+01
109  7.024305e+03  6.307505e+02
110  7.024764e+03  1.469727e+03
111  7.025224e+03  1.324674e+03
112  7.025683e+03  4.569478e+02
113  7.026142e+03  1.140519e+03
114  7.026602e+03 -1.524086e+03
115  7.027061e+03 -1.964415e+03
116  7.027521e+03 -2.580313e+02
117  7.027980e+03 -4.415229e+02
118  7.028439e+03  9.046797e+02
119  7.028899e+03  5.832715e+02
120  7.029358e+03 -1.020750e+03
121  7.029818e+03 -3.137393e+02
122  7.030277e+03  2.041992e+00
123  7.030737e+03  9.981484e+02
124  7.031196e+03 -2.047636e+03
125  7.031655e+03  2.138428e+02
126  7.032115e+03  1.811811e+03
127  7.032574e+03 -7.043750e+01
128  7.033034e+03 -1.674370e+03
129  7.033493e+03 -2.138128e+03
130  7.033953e+03 -7.206641e+02
131  7.034412e+03  6.155430e+02
132  7.034872e+03 -1.246035e+02
133  7.035331e+03 -1.630561e+03
134  7.035791e+03 -7.386211e+02
135  7.036250e+03 -3.864627e+03
136  7.036709e+03 -3.708652e+02
137  7.037169e+03 -9.150137e+02
138  7.037628e+03 -1.769250e+03
139  7.038087e+03  7.306270e+02
140  7.038547e+03 -2.780088e+03
141  7.039006e+03  1.704141e+03
142  7.039466e+03  1.685332e+03
143  7.039925e+03 -1.538699e+03
144  7.040385e+03 -3.353125e+01
145  7.040844e+03  5.564258e+02
146  7.041304e+03  5.944035e+03
147  7.041763e+03 -2.163277e+03
148  7.042223e+03 -2.095078e+03
149  7.042682e+03 -2.964961e+02
150  7.043142e+03  1.033270e+03
151  7.043601e+03 -4.482813e+01
152  7.044060e+03  1.766484e+03
153  7.044520e+03 -2.309023e+03
154  7.044979e+03  7.670156e+02
155  7.045438e+03  2.925109e+03
156  7.045898e+03  1.184742e+03
157  7.046357e+03  1.115367e+03
158  7.046817e+03  1.671008e+03
159  7.047276e+03  1.514852e+03
160  7.047736e+03 -2.411977e+03
161  7.048195e+03 -4.454688e+02
162  7.048655e+03 -6.320313e+00
163  7.049114e+03  5.473594e+02
164  7.049573e+03 -2.294742e+03
165  7.050033e+03  6.943906e+02
166  7.050492e+03  1.211945e+03
167  7.050952e+03 -1.775711e+03
168  7.051411e+03  2.507516e+03
169  7.051871e+03 -3.599313e+03
170  7.052330e+03 -4.224797e+03
171  7.052790e+03  2.497922e+03
172  7.053249e+03  1.971719e+02
173  7.053708e+03 -2.875688e+03
174  7.054168e+03 -1.756625e+03
175  7.054627e+03 -5.070766e+03
176  7.055087e+03 -3.064500e+03
177  7.055546e+03 -1.216781e+03
178  7.056005e+03  3.742188e+02
179  7.056465e+03 -1.871375e+03
180  7.056924e+03 -7.640563e+03
181  7.057384e+03  1.290625e+02
182  7.057843e+03  2.946000e+03
183  7.058303e+03  2.031750e+03
184  7.058762e+03  2.055750e+03
185  7.059222e+03 -9.719438e+03
186  7.059681e+03 -1.815938e+03
187  7.060141e+03 -5.248125e+02
188  7.060600e+03 -2.899531e+03
189  7.061060e+03  5.740453e+03
190  7.061519e+03  8.125000e+00
191  7.061978e+03 -4.441234e+03
192  7.062438e+03  3.988141e+03
193  7.062897e+03  6.727578e+02
194  7.063356e+03 -3.365148e+03
195  7.063816e+03  2.797520e+03
196  7.064275e+03  2.131523e+03
197  7.064735e+03  7.774570e+02
198  7.065194e+03  5.428828e+02
199  7.065654e+03 -2.765609e+03
200  7.066113e+03  1.096760e+03
201  7.066573e+03  4.727949e+02
202  7.067032e+03 -2.425977e+02
203  7.067491e+03  1.142770e+03
204  7.067951e+03 -1.658471e+03
205  7.068410e+03  1.265016e+03
206  7.068870e+03 -1.591836e+02
207  7.069329e+03 -2.360125e+03
208  7.069789e+03  1.636705e+03
209  7.070248e+03  6.152275e+02
210  7.070708e+03 -1.143735e+03
211  7.071167e+03 -1.857490e+03
212  7.071626e+03 -1.503925e+03
213  7.072086e+03 -2.785156e+00
214  7.072545e+03  1.155851e+03
215  7.073005e+03 -6.238438e+02
216  7.073464e+03  5.857324e+02
217  7.073923e+03 -3.162119e+02
218  7.074383e+03  1.857412e+02
219  7.074842e+03 -2.119969e+03
220  7.075302e+03 -7.624121e+01
221  7.075761e+03 -9.488135e+02
222  7.076221e+03  2.587051e+02
223  7.076680e+03 -9.487593e+02
224  7.077140e+03  4.215884e+02
225  7.077599e+03  3.776724e+02
226  7.078059e+03  2.942700e+02
227  7.078518e+03  1.962681e+02
228  7.078978e+03  1.780073e+02
229  7.079437e+03 -1.080020e+02
230  7.079896e+03  4.344775e+01
231  7.080355e+03 -2.770498e+02
232  7.080815e+03  5.288037e+01
233  7.081274e+03  1.408506e+02
234  7.081734e+03  5.512793e+01
235  7.082193e+03 -6.014585e+02
236  7.082653e+03 -1.370952e+02
237  7.083112e+03 -1.011997e+02
238  7.083572e+03  6.241367e+02
239  7.084031e+03 -1.020190e+02
240  7.084491e+03  4.734424e+02
241  7.084950e+03 -3.790603e+02
242  7.085410e+03 -7.364446e+02
243  7.085869e+03 -1.263164e+02
244  7.086328e+03  3.220093e+01
245  7.086788e+03  3.118135e+02
246  7.087247e+03 -3.837559e+02
247  7.087707e+03  3.632935e+01
248  7.088166e+03  9.423799e+02
249  7.088625e+03 -5.336804e+02
250  7.089085e+03  2.037693e+02
251  7.089544e+03  1.326804e+02
252  7.090004e+03  8.099348e+02
253  7.090463e+03 -2.685176e+02
254  7.090923e+03  1.951785e+02
255  7.091382e+03  7.284104e+02
256  7.091841e+03  2.625505e+02
257  7.092301e+03  9.390308e+01
258  7.092760e+03  7.404402e+02
259  7.093220e+03 -2.129722e+02
260  7.093679e+03 -2.428035e+02
261  7.094139e+03 -3.995178e+02
262  7.094598e+03 -2.264658e+02
263  7.095058e+03  2.266067e+02
264  7.095517e+03  8.367358e+01
265  7.095977e+03 -4.368418e+02
266  7.096436e+03  7.981274e+01
267  7.096896e+03 -1.946627e+02
268  7.097355e+03  7.166443e+02
269  7.097814e+03 -3.002863e+02
270  7.098273e+03 -1.003198e+02
271  7.098733e+03 -1.986241e+02
272  7.099192e+03  0.000000e+00
273  7.099652e+03  0.000000e+00
274  7.100111e+03  0.000000e+00
275  7.100571e+03  0.000000e+00
276  7.101030e+03  0.000000e+00
277  7.101490e+03  0.000000e+00
278  7.101949e+03  0.000000e+00
279  7.102409e+03  0.000000e+00
280  7.102868e+03  0.000000e+00
281  7.103328e+03  0.000000e+00
282  7.103787e+03  0.000000e+00
283  7.104246e+03  0.000000e+00
284  7.104706e+03  0.000000e+00
285  7.105165e+03  0.000000e+00
286  7.105625e+03  0.000000e+00
287  7.106084e+03  0.000000e+00
288  7.106543e+03  0.000000e+00
289  7.107003e+03  0.000000e+00
290  7.107462e+03  0.000000e+00
291  7.107922e+03  0.000000e+00
292  7.108381e+03  0.000000e+00
293  7.108841e+03  0.000000e+00
294  7.109300e+03  0.000000e+00
295  7.109759e+03  0.000000e+00
296  7.110219e+03  0.000000e+00
297  7.110678e+03  0.000000e+00
298  7.111138e+03  0.000000e+00
299  7.111597e+03  0.000000e+00
300  7.112057e+03  0.000000e+00
301  7.112516e+03  0.000000e+00
302  7.112976e+03  0.000000e+00
303  7.113435e+03  0.000000e+00
304  7.113895e+03  0.000000e+00
305  7.114354e+03  0.000000e+00
306  7.114813e+03  0.000000e+00
307  7.115273e+03  0.000000e+00
308  7.115732e+03  0.000000e+00
309  7.116191e+03  0.000000e+00
310  7.116651e+03  0.000000e+00
311  7.117110e+03  0.000000e+00
312  7.117570e+03  0.000000e+00
313  7.118029e+03  0.000000e+00
314  7.118489e+03  0.000000e+00
315  7.118948e+03  0.000000e+00
316  7.119408e+03  0.000000e+00
317  7.119867e+03  0.000000e+00
318  7.120327e+03  0.000000e+00
319  7.120786e+03  0.000000e+00
320  7.121246e+03  0.000000e+00
321  7.121705e+03  0.000000e+00
322  7.122164e+03  0.000000e+00
323  7.122624e+03  0.000000e+00
324  7.123083e+03  0.000000e+00
325  7.123542e+03  0.000000e+00
326  7.124002e+03  0.000000e+00
327  7.124461e+03  0.000000e+00
328  7.124921e+03  0.000000e+00
329  7.125380e+03  0.000000e+00
330  7.125840e+03  0.000000e+00
331  7.126299e+03  0.000000e+00
332  7.126759e+03  0.000000e+00
333  7.127218e+03  0.000000e+00
334  7.127678e+03  0.000000e+00
335  7.128137e+03  0.000000e+00
336  7.128596e+03  0.000000e+00
337  7.129056e+03  0.000000e+00
338  7.129515e+03  0.000000e+00
339  7.129975e+03  0.000000e+00
340  7.130434e+03  0.000000e+00
341  7.130894e+03  0.000000e+00
342  7.131353e+03  0.000000e+00
343  7.131813e+03  0.000000e+00
344  7.132272e+03  0.000000e+00
345  7.132731e+03  0.000000e+00
346  7.133191e+03  0.000000e+00
347  7.133650e+03  0.000000e+00
348  7.134109e+03  0.000000e+00
349  7.134569e+03  0.000000e+00
350  7.135028e+03  0.000000e+00
351  7.135488e+03  0.000000e+00
352  7.135947e+03  0.000000e+00
353  7.136407e+03  0.000000e+00
354  7.136866e+03  0.000000e+00
355  7.137326e+03  0.000000e+00
356  7.137785e+03  0.000000e+00
357  7.138245e+03  0.000000e+00
358  7.138704e+03  0.000000e+00
359  7.139164e+03  0.000000e+00
360  7.139623e+03  0.000000e+00
361  7.140082e+03  0.000000e+00
362  7.140542e+03  0.000000e+00
363  7.141001e+03  0.000000e+00
364  7.141460e+03  0.000000e+00
365  7.141920e+03  0.000000e+00
366  7.142379e+03  0.000000e+00
367  7.142839e+03  0.000000e+00
368  7.143298e+03  0.000000e+00
369  7.143758e+03  0.000000e+00
370  7.144217e+03  0.000000e+00
371  7.144677e+03  0.000000e+00
372  7.145136e+03  0.000000e+00
373  7.145596e+03  0.000000e+00
374  7.146055e+03  0.000000e+00
375  7.146514e+03  0.000000e+00
376  7.146974e+03  0.000000e+00
377  7.147433e+03  0.000000e+00
378  7.147893e+03  0.000000e+00
379  7.148352e+03  0.000000e+00
380  7.148812e+03  0.000000e+00
381  7.149271e+03  0.000000e+00
382  7.149730e+03  0.000000e+00
383  7.150190e+03  0.000000e+00
384  7.150649e+03  0.000000e+00
385  7.151109e+03  0.000000e+00
386  7.151568e+03  0.000000e+00
387  7.152027e+03  0.000000e+00
388  7.152487e+03  0.000000e+00
389  7.152946e+03  0.000000e+00
390  7.153406e+03  0.000000e+00
391  7.153865e+03  0.000000e+00
392  7.154325e+03  0.000000e+00
393  7.154784e+03  0.000000e+00
394  7.155244e+03  0.000000e+00
395  7.155703e+03  0.000000e+00
396  7.156163e+03  0.000000e+00
397  7.156622e+03  0.000000e+00
398  7.157082e+03  0.000000e+00
399  7.157541e+03  0.000000e+00
400  7.158000e+03  0.000000e+00
401  7.158459e+03  0.000000e+00
402  7.158919e+03  0.000000e+00
403  7.159378e+03  0.000000e+00
404  7.159838e+03  0.000000e+00
405  7.160297e+03  0.000000e+00
406  7.160757e+03  0.000000e+00
407  7.161216e+03  0.000000e+00
408  7.161676e+03  0.000000e+00
409  7.162135e+03  0.000000e+00
410  7.162595e+03  0.000000e+00
411  7.163054e+03  0.000000e+00
412  7.163514e+03  0.000000e+00
413  7.163973e+03  0.000000e+00
414  7.164432e+03  0.000000e+00
415  7.164892e+03  0.000000e+00
416  7.165351e+03  0.000000e+00
417  7.165811e+03  0.000000e+00
418  7.166270e+03  0.000000e+00
419  7.166729e+03  0.000000e+00
