# Detector:    Gotthard at VonHamos
# DateCreated: 2026-09-02T17:51:38
# N = 176400

0    6.974226e+03  0.000000e+00
1    6.974686e+03  0.000000e+00
2    6.975145e+03  0.000000e+00
3    6.975604e+03  0.000000e+00
4    6.976064e+03  0.000000e+00
5    6.976523e+03  0.000000e+00
6    6.976983e+03  0.000000e+00
7    6.977442e+03  0.000000e+00
8    6.977901e+03  0.000000e+00
9    6.978361e+03  0.000000e+00
10   6.978820e+03  0.000000e+00
11   6.979280e+03  0.000000e+00
12   6.979739e+03  0.000000e+00
13   6.980199e+03  0.000000e+00
14   6.980658e+03  0.000000e+00
15   6.981118e+03  0.000000e+00
16   6.981577e+03  0.000000e+00
17   6.982037e+03  0.000000e+00
18   6.982496e+03  0.000000e+00
19   6.982956e+03  0.000000e+00
20   6.983415e+03  0.000000e+00
21   6.983874e+03  0.000000e+00
22   6.984333e+03  0.000000e+00
23   6.984793e+03  0.000000e+00
24   6.985252e+03  0.000000e+00
25   6.985712e+03  0.000000e+00
26   6.986171e+03  0.000000e+00
27   6.986631e+03  0.000000e+00
28   6.987090e+03  0.000000e+00
29   6.987550e+03  0.000000e+00
30   6.988009e+03  0.000000e+00
31   6.988469e+03  0.000000e+00
32   6.988928e+03  0.000000e+00
33   6.989387e+03  0.000000e+00
34   6.989847e+03  0.000000e+00
35   6.990306e+03  0.000000e+00
36   6.990766e+03  0.000000e+00
37   6.991225e+03  0.000000e+00
38   6.991685e+03  0.000000e+00
39   6.992144e+03  0.000000e+00
40   6.992604e+03  0.000000e+00
41   6.993063e+03  0.000000e+00
42   6.993522e+03  0.000000e+00
43   6.993982e+03  0.000000e+00
44   6.994441e+03  0.000000e+00
45   6.994901e+03  0.000000e+00
46   6.995360e+03  0.000000e+00
47   6.995819e+03  0.000000e+00
48   6.996279e+03  0.000000e+00
49   6.996738e+03  0.000000e+00
50   6.997198e+03  0.000000e+00
51   6.997657e+03  0.000000e+00
52   6.998117e+03  0.000000e+00
53   6.998576e+03  0.000000e+00
54   6.999036e+03  0.000000e+00
55   6.999495e+03  0.000000e+00
56   6.999955e+03  0.000000e+00
57   7.000414e+03  0.000000e+00
58   7.000874e+03  0.000000e+00
59   7.001333e+03  0.000000e+00
60   7.001792e+03  0.000000e+00
61   7.002251e+03  0.000000e+00
62   7.002711e+03  0.000000e+00
63   7.003170e+03  0.000000e+00
64   7.003630e+03  0.000000e+00
65   7.004089e+03  0.000000e+00
66   7.004549e+03  0.000000e+00
67   7.005008e+03  0.000000e+00
68   7.005468e+03  0.000000e+00
69   7.005927e+03  0.000000e+00
70   7.006387e+03  0.000000e+00
71   7.006846e+03  0.000000e+00
72   7.007306e+03  0.000000e+00
73   7.007765e+03  0.000000e+00
74   7.008224e+03  3.232979e+02
75   7.008684e+03  2.695896e+02
76   7.009143e+03  1.966973e+02
77   7.009603e+03 -4.784426e+02
78   7.010062e+03 -6.554541e+01
79   7.010521e+03 -3.822959e+02
80   7.010981e+03  2.364404e+02
81   7.011440e+03 -1.197827e+02
82   7.011900e+03 -3.074766e+02
83   7.012359e+03  4.408274e+02
84   7.012819e+03  9.783398e+01
85   7.013278e+03 -1.379883e+01
86   7.013737e+03 -5.628469e+02
87   7.014197e+03  3.983953e+02
88   7.014656e+03  1.751018e+02
89   7.015116e+03  6.132839e+02
90   7.015575e+03 -2.987520e+02
91   7.016035e+03  4.318042e+02
92   7.016494e+03 -1.689041e+02
93   7.016954e+03 -1.190652e+03
94   7.017413e+03 -4.809375e+01
95   7.017873e+03  1.194167e+03
96   7.018332e+03 -2.584216e+02
97   7.018792e+03  2.967051e+02
98   7.019251e+03  1.107183e+02
99   7.019710e+03 -8.222075e+02
100  7.020169e+03  2.436768e+02
101  7.020629e+03 -5.586416e+02
102  7.021088e+03  5.427964e+02
103  7.021548e+03  5.511128e+02
104  7.022007e+03  2.026406e+02
105  7.022467e+03  5.995195e+02
106  7.022926e+03  2.168486e+02
107  7.023386e+03 -3.870874e+02
108  7.023845e+03 -1.418379e+02
109  7.024305e+03 -1.805806e+02
110  7.024764e+03 -2.852783e+02
111  7.025224e+03 -5.103501e+02
112  7.025683e+03 -4.531733e+02
113  7.026142e+03  1.428594e+03
114  7.026602e+03 -1.406250e+03
115  7.027061e+03 -1.416919e+02
116  7.027521e+03 -1.475737e+02
117  7.027980e+03  3.683999e+02
118  7.028439e+03  1.957959e+02
119  7.028899e+03 -6.389336e+02
120  7.029358e+03 -4.726660e+01
121  7.029818e+03 -1.862143e+03
122  7.030277e+03  4.666084e+02
123  7.030737e+03  5.092334e+02
124  7.031196e+03  9.361328e+02
125  7.031655e+03 -1.943930e+03
126  7.032115e+03 -6.602441e+01
127  7.032574e+03 -1.955566e+02
128  7.033034e+03  7.069766e+02
129  7.033493e+03  7.704990e+02
130  7.033953e+03  3.842773e+02
131  7.034412e+03 -2.642324e+02
132  7.034872e+03  4.786641e+02
133  7.035331e+03  1.695547e+02
134  7.035791e+03  5.436523e+01
135  7.036250e+03  1.226105e+03
136  7.036709e+03 -1.054609e+03
137  7.037169e+03 -9.328672e+02
138  7.037628e+03 -4.887051e+02
139  7.038087e+03 -3.951533e+03
140  7.038547e+03 -2.405234e+02
141  7.039006e+03  3.410578e+03
142  7.039466e+03  1.827387e+03
143  7.039925e+03  3.386184e+03
144  7.040385e+03  1.579641e+03
145  7.040844e+03 -2.662508e+03
146  7.041304e+03 -6.959063e+02
147  7.041763e+03  5.537773e+02
148  7.042223e+03  1.757465e+03
149  7.042682e+03  3.006250e+01
150  7.043142e+03  7.019805e+02
151  7.043601e+03  2.210383e+03
152  7.044060e+03  1.212902e+03
153  7.044520e+03  1.727789e+03
154  7.044979e+03  1.723328e+03
155  7.045438e+03  4.477734e+03
156  7.045898e+03  1.611953e+03
157  7.046357e+03  2.288617e+03
158  7.046817e+03  1.822422e+02
159  7.047276e+03  5.465594e+03
160  7.047736e+03  1.413930e+03
161  7.048195e+03 -2.230570e+03
162  7.048655e+03 -4.075984e+03
163  7.049114e+03  2.280578e+03
164  7.049573e+03 -1.294594e+03
165  7.050033e+03 -2.114609e+02
166  7.050492e+03  3.030875e+03
167  7.050952e+03 -1.541094e+02
168  7.051411e+03 -4.927656e+02
169  7.051871e+03 -6.864516e+03
170  7.052330e+03 -2.011031e+03
171  7.052790e+03 -5.611688e+03
172  7.053249e+03  3.565469e+02
173  7.053708e+03  5.720500e+03
174  7.054168e+03  7.771719e+03
175  7.054627e+03  2.508750e+02
176  7.055087e+03 -1.973000e+03
177  7.055546e+03 -3.314313e+03
178  7.056005e+03 -2.144406e+03
179  7.056465e+03 -5.973156e+03
180  7.056924e+03 -1.406647e+04
181  7.057384e+03 -1.485438e+04
182  7.057843e+03 -1.340088e+04
183  7.058303e+03 -1.848506e+04
184  7.058762e+03 -1.744044e+04
185  7.059222e+03  2.160500e+03
186  7.059681e+03  7.855156e+03
187  7.060141e+03  1.278022e+04
188  7.060600e+03  1.034766e+04
189  7.061060e+03  4.730500e+03
190  7.061519e+03  7.307203e+03
191  7.061978e+03  4.451961e+03
192  7.062438e+03  3.895500e+03
193  7.062897e+03  3.657227e+03
194  7.063356e+03  2.192188e+02
195  7.063816e+03 -1.217242e+03
196  7.064275e+03 -1.275871e+03
197  7.064735e+03  3.889004e+03
198  7.065194e+03 -1.336090e+03
199  7.065654e+03  1.909477e+03
200  7.066113e+03  1.236600e+03
201  7.066573e+03  6.600703e+02
202  7.067032e+03  8.747031e+02
203  7.067491e+03  2.025404e+03
204  7.067951e+03  2.038105e+03
205  7.068410e+03 -1.827922e+03
206  7.068870e+03 -7.045586e+02
207  7.069329e+03  1.788742e+03
208  7.069789e+03 -1.859109e+03
209  7.070248e+03  4.100654e+02
210  7.070708e+03  1.499248e+02
211  7.071167e+03 -1.324047e+03
212  7.071626e+03  1.284557e+03
213  7.072086e+03 -2.095615e+02
214  7.072545e+03 -3.650322e+02
215  7.073005e+03  7.560596e+02
216  7.073464e+03 -1.005293e+02
217  7.073923e+03 -1.088770e+01
218  7.074383e+03  3.111904e+02
219  7.074842e+03 -4.418438e+02
220  7.075302e+03 -5.179492e+01
221  7.075761e+03 -3.390513e+02
222  7.076221e+03  7.307524e+02
223  7.076680e+03 -2.155908e+01
224  7.077140e+03 -4.843652e+02
225  7.077599e+03  4.274336e+02
226  7.078059e+03 -6.086733e+02
227  7.078518e+03 -8.824707e+01
228  7.078978e+03  1.345283e+02
229  7.079437e+03 -1.019043e+01
230  7.079896e+03  5.451030e+02
231  7.080355e+03  3.112266e+02
232  7.080815e+03  2.806919e+02
233  7.081274e+03  8.561514e+02
234  7.081734e+03 -2.231797e+02
235  7.082193e+03 -4.235234e+02
236  7.082653e+03 -1.163746e+03
237  7.083112e+03  3.688848e+02
238  7.083572e+03  3.768481e+02
239  7.084031e+03  2.495806e+02
240  7.084491e+03  1.399341e+01
241  7.084950e+03  3.745474e+02
242  7.085410e+03 -9.916489e+02
243  7.085869e+03 -6.818855e+02
244  7.086328e+03  4.031589e+02
245  7.086788e+03  7.762207e+01
246  7.087247e+03 -5.313088e+02
247  7.087707e+03  6.340090e+02
248  7.088166e+03 -1.782422e+01
249  7.088625e+03 -5.258608e+02
250  7.089085e+03  6.069854e+02
251  7.089544e+03  3.107209e+02
252  7.090004e+03  2.910405e+02
253  7.090463e+03  5.091448e+02
254  7.090923e+03 -3.628545e+02
255  7.091382e+03  1.111038e+02
256  7.091841e+03  2.654460e+02
257  7.092301e+03 -3.132397e+01
258  7.092760e+03  2.122559e+02
259  7.093220e+03  8.204028e+01
260  7.093679e+03  1.261711e+02
261  7.094139e+03 -9.498083e+02
262  7.094598e+03  3.229243e+02
263  7.095058e+03  4.215400e+02
264  7.095517e+03  4.350669e+02
265  7.095977e+03 -1.275007e+02
266  7.096436e+03 -9.455107e+02
267  7.096896e+03 -3.916786e+02
268  7.097355e+03 -3.325283e+02
269  7.097814e+03  2.503600e+02
270  7.098273e+03 -5.398024e+02
271  7.098733e+03 -2.214478e+01
272  7.099192e+03  0.000000e+00
273  7.099652e+03  0.000000e+00
274  7.100111e+03  0.000000e+00
275  7.100571e+03  0.000000e+00
276  7.101030e+03  0.000000e+00
277  7.101490e+03  0.000000e+00
278  7.101949e+03  0.000000e+00
279  7.102409e+03  0.000000e+00
280  7.102868e+03  0.000000e+00
281  7.103328e+03  0.000000e+00
282  7.103787e+03  0.000000e+00
283  7.104246e+03  0.000000e+00
284  7.104706e+03  0.000000e+00
285  7.105165e+03  0.000000e+00
286  7.105625e+03  0.000000e+00
287  7.106084e+03  0.000000e+00
288  7.106543e+03  0.000000e+00
289  7.107003e+03  0.000000e+00
290  7.107462e+03  0.000000e+00
291  7.107922e+03  0.000000e+00
292  7.108381e+03  0.000000e+00
293  7.108841e+03  0.000000e+00
294  7.109300e+03  0.000000e+00
295  7.109759e+03  0.000000e+00
296  7.110219e+03  0.000000e+00
297  7.110678e+03  0.000000e+00
298  7.111138e+03  0.000000e+00
299  7.111597e+03  0.000000e+00
300  7.112057e+03  0.000000e+00
301  7.112516e+03  0.000000e+00
302  7.112976e+03  0.000000e+00
303  7.113435e+03  0.000000e+00
304  7.113895e+03  0.000000e+00
305  7.114354e+03  0.000000e+00
306  7.114813e+03  0.000000e+00
307  7.115273e+03  0.000000e+00
308  7.115732e+03  0.000000e+00
309  7.116191e+03  0.000000e+00
310  7.116651e+03  0.000000e+00
311  7.117110e+03  0.000000e+00
312  7.117570e+03  0.000000e+00
313  7.118029e+03  0.000000e+00
314  7.118489e+03  0.000000e+00
315  7.118948e+03  0.000000e+00
316  7.119408e+03  0.000000e+00
317  7.119867e+03  0.000000e+00
318  7.120327e+03  0.000000e+00
319  7.120786e+03  0.000000e+00
320  7.121246e+03  0.000000e+00
321  7.121705e+03  0.000000e+00
322  7.122164e+03  0.000000e+00
323  7.122624e+03  0.000000e+00
324  7.123083e+03  0.000000e+00
325  7.123542e+03  0.000000e+00
326  7.124002e+03  0.000000e+00
327  7.124461e+03  0.000000e+00
328  7.124921e+03  0.000000e+00
329  7.125380e+03  0.000000e+00
330  7.125840e+03  0.000000e+00
331  7.126299e+03  0.000000e+00
332  7.126759e+03  0.000000e+00
333  7.127218e+03  0.000000e+00
334  7.127678e+03  0.000000e+00
335  7.128137e+03  0.000000e+00
336  7.128596e+03  0.000000e+00
337  7.129056e+03  0.000000e+00
338  7.129515e+03  0.000000e+00
339  7.129975e+03  0.000000e+00
340  7.130434e+03  0.000000e+00
341  7.130894e+03  0.000000e+00
342  7.131353e+03  0.000000e+00
343  7.131813e+03  0.000000e+00
344  7.132272e+03  0.000000e+00
345  7.132731e+03  0.000000e+00
346  7.133191e+03  0.000000e+00
347  7.133650e+03  0.000000e+00
348  7.134109e+03  0.000000e+00
349  7.134569e+03  0.000000e+00
350  7.135028e+03  0.000000e+00
351  7.135488e+03  0.000000e+00
352  7.135947e+03  0.000000e+00
353  7.136407e+03  0.000000e+00
354  7.136866e+03  0.000000e+00
355  7.137326e+03  0.000000e+00
356  7.137785e+03  0.000000e+00
357  7.138245e+03  0.000000e+00
358  7.138704e+03  0.000000e+00
359  7.139164e+03  0.000000e+00
360  7.139623e+03  0.000000e+00
361  7.140082e+03  0.000000e+00
362  7.140542e+03  0.000000e+00
363  7.141001e+03  0.000000e+00
364  7.141460e+03  0.000000e+00
365  7.141920e+03  0.000000e+00
366  7.142379e+03  0.000000e+00
367  7.142839e+03  0.000000e+00
368  7.143298e+03  0.000000e+00
369  7.143758e+03  0.000000e+00
370  7.144217e+03  0.000000e+00
371  7.144677e+03  0.000000e+00
372  7.145136e+03  0.000000e+00
373  7.145596e+03  0.000000e+00
374  7.146055e+03  0.000000e+00
375  7.146514e+03  0.000000e+00
376  7.146974e+03  0.000000e+00
377  7.147433e+03  0.000000e+00
378  7.147893e+03  0.000000e+00
379  7.148352e+03  0.000000e+00
380  7.148812e+03  0.000000e+00
381  7.149271e+03  0.000000e+00
382  7.149730e+03  0.000000e+00
383  7.150190e+03  0.000000e+00
384  7.150649e+03  0.000000e+00
385  7.151109e+03  0.000000e+00
386  7.151568e+03  0.000000e+00
387  7.152027e+03  0.000000e+00
388  7.152487e+03  0.000000e+00
389  7.152946e+03  0.000000e+00
390  7.153406e+03  0.000000e+00
391  7.153865e+03  0.000000e+00
392  7.154325e+03  0.000000e+00
393  7.154784e+03  0.000000e+00
394  7.155244e+03  0.000000e+00
395  7.155703e+03  0.000000e+00
396  7.156163e+03  0.000000e+00
397  7.156622e+03  0.000000e+00
398  7.157082e+03  0.000000e+00
399  7.157541e+03  0.000000e+00
400  7.158000e+03  0.000000e+00
401  7.158459e+03  0.000000e+00
402  7.158919e+03  0.000000e+00
403  7.159378e+03  0.000000e+00
404  7.159838e+03  0.000000e+00
405  7.160297e+03  0.000000e+00
406  7.160757e+03  0.000000e+00
407  7.161216e+03  0.000000e+00
408  7.161676e+03  0.000000e+00
409  7.162135e+03  0.000000e+00
410  7.162595e+03  0.000000e+00
411  7.163054e+03  0.000000e+00
412  7.163514e+03  0.000000e+00
413  7.163973e+03  0.000000e+00
414  7.164432e+03  0.000000e+00
415  7.164892e+03  0.000000e+00
416  7.165351e+03  0.000000e+00
417  7.165811e+03  0.000000e+00
418  7.166270e+03  0.000000e+00
419  7.166729e+03  0.000000e+00
