# Detector:    Gotthard at VonHamos
# DateCreated: 2026-09-02T17:16:50
# N = 176400

0    6.974226e+03  0.000000e+00
1    6.974686e+03  0.000000e+00
2    6.975145e+03  0.000000e+00
3    6.975604e+03  0.000000e+00
4    6.976064e+03  0.000000e+00
5    6.976523e+03  0.000000e+00
6    6.976983e+03  0.000000e+00
7    6.977442e+03  0.000000e+00
8    6.977901e+03  0.000000e+00
9    6.978361e+03  0.000000e+00
10   6.978820e+03  0.000000e+00
11   6.979280e+03  0.000000e+00
12   6.979739e+03  0.000000e+00
13   6.980199e+03  0.000000e+00
14   6.980658e+03  0.000000e+00
15   6.981118e+03  0.000000e+00
16   6.981577e+03  0.000000e+00
17   6.982037e+03  0.000000e+00
18   6.982496e+03  0.000000e+00
19   6.982956e+03  0.000000e+00
20   6.983415e+03  0.000000e+00
21   6.983874e+03  0.000000e+00
22   6.984333e+03  0.000000e+00
23   6.984793e+03  0.000000e+00
24   6.985252e+03  0.000000e+00
25   6.985712e+03  0.000000e+00
26   6.986171e+03  0.000000e+00
27   6.986631e+03  0.000000e+00
28   6.987090e+03  0.000000e+00
29   6.987550e+03  0.000000e+00
30   6.988009e+03  0.000000e+00
31   6.988469e+03  0.000000e+00
32   6.988928e+03  0.000000e+00
33   6.989387e+03  0.000000e+00
34   6.989847e+03  0.000000e+00
35   6.990306e+03  0.000000e+00
36   6.990766e+03  0.000000e+00
37   6.991225e+03  0.000000e+00
38   6.991685e+03  0.000000e+00
39   6.992144e+03  0.000000e+00
40   6.992604e+03  0.000000e+00
41   6.993063e+03  0.000000e+00
42   6.993522e+03  0.000000e+00
43   6.993982e+03  0.000000e+00
44   6.994441e+03  0.000000e+00
45   6.994901e+03  0.000000e+00
46   6.995360e+03  0.000000e+00
47   6.995819e+03  0.000000e+00
48   6.996279e+03  0.000000e+00
49   6.996738e+03  0.000000e+00
50   6.997198e+03  0.000000e+00
51   6.997657e+03  0.000000e+00
52   6.998117e+03  0.000000e+00
53   6.998576e+03  0.000000e+00
54   6.999036e+03  0.000000e+00
55   6.999495e+03  0.000000e+00
56   6.999955e+03  0.000000e+00
57   7.000414e+03  0.000000e+00
58   7.000874e+03  0.000000e+00
59   7.001333e+03  0.000000e+00
60   7.001792e+03  0.000000e+00
61   7.002251e+03  0.000000e+00
62   7.002711e+03  0.000000e+00
63   7.003170e+03  0.000000e+00
64   7.003630e+03  0.000000e+00
65   7.004089e+03  0.000000e+00
66   7.004549e+03  0.000000e+00
67   7.005008e+03  0.000000e+00
68   7.005468e+03  0.000000e+00
69   7.005927e+03  0.000000e+00
70   7.006387e+03  0.000000e+00
71   7.006846e+03  0.000000e+00
72   7.007306e+03  0.000000e+00
73   7.007765e+03  0.000000e+00
74   7.008224e+03  1.488057e+02
75   7.008684e+03 -3.505015e+02
76   7.009143e+03  1.898193e+01
77   7.009603e+03 -4.359353e+02
78   7.010062e+03  4.729263e+02
79   7.010521e+03 -9.614551e+01
80   7.010981e+03 -3.795806e+02
81   7.011440e+03  5.301680e+02
82   7.011900e+03  3.746499e+02
83   7.012359e+03 -5.561675e+02
84   7.012819e+03 -3.917209e+02
85   7.013278e+03 -2.649341e+02
86   7.013737e+03  1.814209e+02
87   7.014197e+03 -3.143193e+02
88   7.014656e+03 -2.408191e+02
89   7.015116e+03 -5.939478e+01
90   7.015575e+03  4.835940e+02
91   7.016035e+03 -5.125803e+02
92   7.016494e+03  8.807883e+02
93   7.016954e+03  4.362761e+02
94   7.017413e+03  4.958672e+02
95   7.017873e+03  9.259368e+02
96   7.018332e+03  1.288940e+01
97   7.018792e+03  6.997583e+01
98   7.019251e+03  9.310396e+02
99   7.019710e+03  2.344189e+02
100  7.020169e+03  3.254097e+02
101  7.020629e+03 -3.419043e+01
102  7.021088e+03 -7.306450e+02
103  7.021548e+03  3.578140e+02
104  7.022007e+03  1.721768e+02
105  7.022467e+03 -1.587582e+03
106  7.022926e+03 -7.609790e+02
107  7.023386e+03 -7.249385e+02
108  7.023845e+03  9.990640e+02
109  7.024305e+03 -1.431108e+02
110  7.024764e+03  1.189626e+03
111  7.025224e+03 -1.693204e+03
112  7.025683e+03  7.153564e+01
113  7.026142e+03 -4.759253e+02
114  7.026602e+03  8.155000e+02
115  7.027061e+03  2.473452e+02
116  7.027521e+03 -1.235654e+02
117  7.027980e+03  8.650488e+01
118  7.028439e+03  8.974561e+02
119  7.028899e+03 -7.127100e+02
120  7.029358e+03 -5.016758e+02
121  7.029818e+03  6.416094e+02
122  7.030277e+03  1.708954e+03
123  7.030737e+03  6.430098e+02
124  7.031196e+03  5.914229e+02
125  7.031655e+03 -2.914160e+02
126  7.032115e+03  4.998359e+02
127  7.032574e+03  1.123963e+03
128  7.033034e+03 -4.669141e+02
129  7.033493e+03 -2.117495e+03
130  7.033953e+03 -1.941893e+03
131  7.034412e+03  9.844648e+02
132  7.034872e+03  1.112436e+03
133  7.035331e+03  1.650451e+03
134  7.035791e+03 -9.139941e+02
135  7.036250e+03 -9.605977e+02
136  7.036709e+03  1.646719e+03
137  7.037169e+03  8.411699e+02
138  7.037628e+03 -3.377598e+02
139  7.038087e+03 -4.765346e+03
140  7.038547e+03 -1.913270e+03
141  7.039006e+03 -2.629039e+03
142  7.039466e+03 -1.485918e+03
143  7.039925e+03  8.487813e+02
144  7.040385e+03  5.398828e+02
145  7.040844e+03 -1.305070e+03
146  7.041304e+03  7.479141e+02
147  7.041763e+03 -1.237020e+03
148  7.042223e+03 -9.059258e+02
149  7.042682e+03  1.358512e+03
150  7.043142e+03  5.949434e+03
151  7.043601e+03  4.546242e+03
152  7.044060e+03  1.857477e+03
153  7.044520e+03  4.705859e+02
154  7.044979e+03 -3.388688e+03
155  7.045438e+03  2.854844e+02
156  7.045898e+03  4.061688e+03
157  7.046357e+03 -1.673734e+03
158  7.046817e+03 -2.733594e+02
159  7.047276e+03 -5.030734e+03
160  7.047736e+03 -1.617344e+03
161  7.048195e+03  5.592328e+03
162  7.048655e+03 -1.805313e+02
163  7.049114e+03 -2.227703e+03
164  7.049573e+03 -1.785250e+03
165  7.050033e+03 -4.994766e+02
166  7.050492e+03 -1.323219e+03
167  7.050952e+03 -2.551250e+02
168  7.051411e+03  8.515625e+00
169  7.051871e+03 -5.241266e+03
170  7.052330e+03  6.763563e+03
171  7.052790e+03  7.248438e+01
172  7.053249e+03  1.166938e+03
173  7.053708e+03  1.495016e+03
174  7.054168e+03 -6.769063e+03
175  7.054627e+03 -5.284938e+03
176  7.055087e+03  5.975438e+03
177  7.055546e+03  4.442781e+03
178  7.056005e+03  2.749938e+03
179  7.056465e+03  6.449531e+03
180  7.056924e+03  6.012188e+02
181  7.057384e+03  6.480625e+02
182  7.057843e+03 -4.510563e+03
183  7.058303e+03  7.736625e+03
184  7.058762e+03 -4.722125e+03
185  7.059222e+03 -1.419000e+03
186  7.059681e+03 -7.996250e+02
187  7.060141e+03  2.738281e+03
188  7.060600e+03  3.915000e+03
189  7.061060e+03  8.237172e+03
190  7.061519e+03 -8.262969e+02
191  7.061978e+03  4.069961e+03
192  7.062438e+03 -2.304766e+03
193  7.062897e+03 -7.235234e+02
194  7.063356e+03 -3.789492e+03
195  7.063816e+03  1.927098e+03
196  7.064275e+03  4.817852e+02
197  7.064735e+03 -4.592355e+03
198  7.065194e+03  1.411914e+02
199  7.065654e+03  5.642578e+02
200  7.066113e+03  7.954238e+02
201  7.066573e+03  2.641172e+02
202  7.067032e+03 -9.802754e+02
203  7.067491e+03 -2.755688e+03
204  7.067951e+03  3.353861e+03
205  7.068410e+03  2.350996e+02
206  7.068870e+03  1.447285e+02
207  7.069329e+03  3.628105e+02
208  7.069789e+03  3.452344e+01
209  7.070248e+03  1.855223e+03
210  7.070708e+03 -6.657715e+02
211  7.071167e+03  9.663154e+02
212  7.071626e+03 -9.664834e+02
213  7.072086e+03 -1.398471e+03
214  7.072545e+03 -1.021618e+03
215  7.073005e+03  1.684238e+02
216  7.073464e+03 -2.534658e+02
217  7.073923e+03  3.953525e+02
218  7.074383e+03  1.011029e+03
219  7.074842e+03 -6.365225e+02
220  7.075302e+03 -7.634609e+02
221  7.075761e+03 -9.975957e+02
222  7.076221e+03 -6.877598e+02
223  7.076680e+03 -3.542104e+02
224  7.077140e+03  3.575435e+02
225  7.077599e+03  5.916367e+02
226  7.078059e+03  2.872314e+01
227  7.078518e+03 -2.720991e+02
228  7.078978e+03 -7.410356e+02
229  7.079437e+03  4.063340e+02
230  7.079896e+03 -1.991118e+02
231  7.080355e+03 -6.333550e+02
232  7.080815e+03  1.224586e+03
233  7.081274e+03  4.476123e+01
234  7.081734e+03 -7.266313e+02
235  7.082193e+03  4.730596e+02
236  7.082653e+03  1.275405e+02
237  7.083112e+03  5.852930e+02
238  7.083572e+03  1.383388e+03
239  7.084031e+03 -1.210867e+03
240  7.084491e+03  4.799072e+00
241  7.084950e+03  6.895305e+02
242  7.085410e+03  4.827095e+02
243  7.085869e+03 -1.902566e+02
244  7.086328e+03  2.526511e+02
245  7.086788e+03 -1.101348e+02
246  7.087247e+03  2.027507e+02
247  7.087707e+03  2.543694e+02
248  7.088166e+03 -1.313013e+01
249  7.088625e+03 -4.724839e+02
250  7.089085e+03 -8.235671e+02
251  7.089544e+03  8.995264e+01
252  7.090004e+03  4.964282e+02
253  7.090463e+03  9.527463e+02
254  7.090923e+03  2.254487e+02
255  7.091382e+03  4.188235e+02
256  7.091841e+03 -1.255564e+02
257  7.092301e+03  6.149707e+01
258  7.092760e+03  1.220947e+00
259  7.093220e+03  8.941602e+01
260  7.093679e+03  5.692188e+01
261  7.094139e+03 -3.885474e+02
262  7.094598e+03  2.322822e+02
263  7.095058e+03  2.021465e+02
264  7.095517e+03  4.428318e+02
265  7.095977e+03  1.012540e+03
266  7.096436e+03  5.284648e+02
267  7.096896e+03  3.082217e+02
268  7.097355e+03  9.410522e+01
269  7.097814e+03  2.647290e+02
270  7.098273e+03  1.000465e+02
271  7.098733e+03 -4.508901e+02
272  7.099192e+03  0.000000e+00
273  7.099652e+03  0.000000e+00
274  7.100111e+03  0.000000e+00
275  7.100571e+03  0.000000e+00
276  7.101030e+03  0.000000e+00
277  7.101490e+03  0.000000e+00
278  7.101949e+03  0.000000e+00
279  7.102409e+03  0.000000e+00
280  7.102868e+03  0.000000e+00
281  7.103328e+03  0.000000e+00
282  7.103787e+03  0.000000e+00
283  7.104246e+03  0.000000e+00
284  7.104706e+03  0.000000e+00
285  7.105165e+03  0.000000e+00
286  7.105625e+03  0.000000e+00
287  7.106084e+03  0.000000e+00
288  7.106543e+03  0.000000e+00
289  7.107003e+03  0.000000e+00
290  7.107462e+03  0.000000e+00
291  7.107922e+03  0.000000e+00
292  7.108381e+03  0.000000e+00
293  7.108841e+03  0.000000e+00
294  7.109300e+03  0.000000e+00
295  7.109759e+03  0.000000e+00
296  7.110219e+03  0.000000e+00
297  7.110678e+03  0.000000e+00
298  7.111138e+03  0.000000e+00
299  7.111597e+03  0.000000e+00
300  7.112057e+03  0.000000e+00
301  7.112516e+03  0.000000e+00
302  7.112976e+03  0.000000e+00
303  7.113435e+03  0.000000e+00
304  7.113895e+03  0.000000e+00
305  7.114354e+03  0.000000e+00
306  7.114813e+03  0.000000e+00
307  7.115273e+03  0.000000e+00
308  7.115732e+03  0.000000e+00
309  7.116191e+03  0.000000e+00
310  7.116651e+03  0.000000e+00
311  7.117110e+03  0.000000e+00
312  7.117570e+03  0.000000e+00
313  7.118029e+03  0.000000e+00
314  7.118489e+03  0.000000e+00
315  7.118948e+03  0.000000e+00
316  7.119408e+03  0.000000e+00
317  7.119867e+03  0.000000e+00
318  7.120327e+03  0.000000e+00
319  7.120786e+03  0.000000e+00
320  7.121246e+03  0.000000e+00
321  7.121705e+03  0.000000e+00
322  7.122164e+03  0.000000e+00
323  7.122624e+03  0.000000e+00
324  7.123083e+03  0.000000e+00
325  7.123542e+03  0.000000e+00
326  7.124002e+03  0.000000e+00
327  7.124461e+03  0.000000e+00
328  7.124921e+03  0.000000e+00
329  7.125380e+03  0.000000e+00
330  7.125840e+03  0.000000e+00
331  7.126299e+03  0.000000e+00
332  7.126759e+03  0.000000e+00
333  7.127218e+03  0.000000e+00
334  7.127678e+03  0.000000e+00
335  7.128137e+03  0.000000e+00
336  7.128596e+03  0.000000e+00
337  7.129056e+03  0.000000e+00
338  7.129515e+03  0.000000e+00
339  7.129975e+03  0.000000e+00
340  7.130434e+03  0.000000e+00
341  7.130894e+03  0.000000e+00
342  7.131353e+03  0.000000e+00
343  7.131813e+03  0.000000e+00
344  7.132272e+03  0.000000e+00
345  7.132731e+03  0.000000e+00
346  7.133191e+03  0.000000e+00
347  7.133650e+03  0.000000e+00
348  7.134109e+03  0.000000e+00
349  7.134569e+03  0.000000e+00
350  7.135028e+03  0.000000e+00
351  7.135488e+03  0.000000e+00
352  7.135947e+03  0.000000e+00
353  7.136407e+03  0.000000e+00
354  7.136866e+03  0.000000e+00
355  7.137326e+03  0.000000e+00
356  7.137785e+03  0.000000e+00
357  7.138245e+03  0.000000e+00
358  7.138704e+03  0.000000e+00
359  7.139164e+03  0.000000e+00
360  7.139623e+03  0.000000e+00
361  7.140082e+03  0.000000e+00
362  7.140542e+03  0.000000e+00
363  7.141001e+03  0.000000e+00
364  7.141460e+03  0.000000e+00
365  7.141920e+03  0.000000e+00
366  7.142379e+03  0.000000e+00
367  7.142839e+03  0.000000e+00
368  7.143298e+03  0.000000e+00
369  7.143758e+03  0.000000e+00
370  7.144217e+03  0.000000e+00
371  7.144677e+03  0.000000e+00
372  7.145136e+03  0.000000e+00
373  7.145596e+03  0.000000e+00
374  7.146055e+03  0.000000e+00
375  7.146514e+03  0.000000e+00
376  7.146974e+03  0.000000e+00
377  7.147433e+03  0.000000e+00
378  7.147893e+03  0.000000e+00
379  7.148352e+03  0.000000e+00
380  7.148812e+03  0.000000e+00
381  7.149271e+03  0.000000e+00
382  7.149730e+03  0.000000e+00
383  7.150190e+03  0.000000e+00
384  7.150649e+03  0.000000e+00
385  7.151109e+03  0.000000e+00
386  7.151568e+03  0.000000e+00
387  7.152027e+03  0.000000e+00
388  7.152487e+03  0.000000e+00
389  7.152946e+03  0.000000e+00
390  7.153406e+03  0.000000e+00
391  7.153865e+03  0.000000e+00
392  7.154325e+03  0.000000e+00
393  7.154784e+03  0.000000e+00
394  7.155244e+03  0.000000e+00
395  7.155703e+03  0.000000e+00
396  7.156163e+03  0.000000e+00
397  7.156622e+03  0.000000e+00
398  7.157082e+03  0.000000e+00
399  7.157541e+03  0.000000e+00
400  7.158000e+03  0.000000e+00
401  7.158459e+03  0.000000e+00
402  7.158919e+03  0.000000e+00
403  7.159378e+03  0.000000e+00
404  7.159838e+03  0.000000e+00
405  7.160297e+03  0.000000e+00
406  7.160757e+03  0.000000e+00
407  7.161216e+03  0.000000e+00
408  7.161676e+03  0.000000e+00
409  7.162135e+03  0.000000e+00
410  7.162595e+03  0.000000e+00
411  7.163054e+03  0.000000e+00
412  7.163514e+03  0.000000e+00
413  7.163973e+03  0.000000e+00
414  7.164432e+03  0.000000e+00
415  7.164892e+03  0.000000e+00
416  7.165351e+03  0.000000e+00
417  7.165811e+03  0.000000e+00
418  7.166270e+03  0.000000e+00
419  7.166729e+03  0.000000e+00
