#onoff#source gal        194357.0 +235316.9 0000.0 2026.250.16:12:54
#onoff#site   hamburg  10.2400  53.4800  3.00 xxxx 0  0.00  0.00
#onoff#onoff  10 34 3u 11u 4 60 10 10 0.0704 0.0704 1 1
#onoff#origin 0.0000 0.0000 0.0000 0.0000 0.0000 0.0000
#onoff#on  1  65587.91 0 0  1036.35  1250.03   16.58  16.41 
#onoff#off 1  65626.03 0 0 972.44 1224.91  21.23 17.04 
#onoff#cal 1  65640.81 0 0 2600.12 3352.88  84.82 60.41 
#onoff#on  2  65678.81 0 0   997.35  1232.24   13.13  15.14 
#onoff#off 2  65717.15 0 0 943.29 1221.41  35.01 22.99 
#onoff#cal 2  65731.56 0 0 2559.56 3353.88  88.75 43.56 
#onoff#on  3  65769.63 0 0  1000.97  1244.79   18.07  25.87 
#onoff#off 3  65806.59 0 0 920.79 1199.44  43.28 17.00 
#onoff#cal 3  65820.85 0 0 2506.24 3334.21  161.88 60.04 
#onoff#on  4  65858.12 0 0   997.53  1252.44   09.23  14.53 
#onoff#off 4  65896.03 0 0 928.38 1200.85  39.00 12.24 
#onoff#cal 4  65910.19 0 0 2478.00 3340.44  200.14 54.16 
#onoff#on  5  65947.33 0 0   986.09  1241.32   23.12  32.45 
#onoff#off 5  65984.37 0 0 982.56 1203.62  218.30 16.35 
#onoff#cal 5  65998.76 0 0 2491.21 3241.35  393.30 138.34 
#onoff#on  6  66036.85 0 0  1020.74  1256.35   15.83  25.28 
#onoff#off 6  66074.12 0 0 926.35 1219.21  43.98 12.37 
#onoff#cal 6  66089.05 0 0 2576.68 3392.62  110.36 56.01 
#onoff#on  7  66127.71 0 0   996.53  1249.50   18.82  27.45 
#onoff#off 7  66165.34 0 0 949.79 1223.65  66.90 18.38 
#onoff#cal 7  66179.97 0 0 2526.29 3334.94  91.72 68.02 
#onoff#on  8  66217.92 0 0   986.26  1268.00   13.76  25.32 
#onoff#off 8  66255.01 0 0 972.82 1212.41  30.09 11.05 
#onoff#cal 8  66269.92 0 0 2634.53 3395.50  66.84 51.04 
#onoff#on  9  66306.66 0 0   984.76  1266.94   19.51  15.30 
#onoff#off 9  66345.45 0 0 1003.53 1270.94  142.46 42.81 
#onoff#cal 9  66360.04 0 0 2474.21 3374.97  147.54 50.18 
#onoff#on  10 66398.58 0 0   983.44  1286.94   15.89  24.16 
#onoff#off 10 66435.95 0 0 1060.24 1315.76  267.24 84.18 
#onoff#cal 10 66450.69 0 0 2434.24 3330.29  221.82 65.66 
#onoff#sefd              113.03 50.95 0.00  0.00   0.00  0.00  
#onoff#fluxsrc  gal      113.03 50.95 0.00  0.00   0.00  0.00  
