#crossscan#source vira       123054.5 +122342.1 0000.0 2026.250.13:30:42
#crossscan#site   hamburg  10.2400  53.4800  3.00 xxxx 0  0.00  0.00
#crossscan#crossscan  hor 74 5 3 bbcs
#crossscan#lon  1/15 55900.97 -37,0  0,0 00786.8 01118.4 262.6 375.8
#crossscan#lon  2/15 55921.18 -32,0  0,0 01037.0 01502.4 435.0 565.3
#crossscan#lon  3/15 55940.79 -27,0  0,0 00797.8 01533.8 267.0 525.3
#crossscan#lon  4/15 55958.57 -22,0  0,0 00800.7 01059.8 267.5 356.0
#crossscan#lon  5/15 55977.09 -17,0  0,0 00827.0 01212.5 280.4 435.5
#crossscan#lon  6/15 55995.21 -12,0  0,0 00784.8 01444.2 263.8 855.8
#crossscan#lon  7/15 56013.96 -7,0  0,0 00782.0 02049.2 260.9 684.1
#crossscan#lon  8/15 56034.12 -2,0  0,0 00769.1 01394.9 257.0 508.2
#crossscan#lon  9/15 56054.51  3,0  0,0 00795.2 01506.3 273.9 631.1
#crossscan#lon 10/15 56075.62  8,0  0,0 00785.0 01078.2 262.7 365.1
#crossscan#lon 11/15 56096.72 13,0  0,0 00750.7 01036.7 250.3 346.5
#crossscan#lon 12/15 56118.26 18,0  0,0 00813.0 01068.5 271.5 360.6
#crossscan#lon 13/15 56139.45 23,0  0,0 00810.3 01141.7 272.3 399.9
#crossscan#lon 14/15 56160.61 28,0  0,0 00812.3 01095.6 271.8 367.4
#crossscan#lon 15/15 56181.83 33,0  0,0 00787.2 01076.4 263.6 388.1
#crossscan#lat  1/15 56237.34  0,0 -37,0 01855.0 03350.1 692.3 1368.5
#crossscan#lat  2/15 56252.97  0,0 -32,0 00932.8 01468.7 311.1 494.5
#crossscan#lat  3/15 56269.28  0,0 -27,0 00872.8 01382.9 304.6 546.3
#crossscan#lat  4/15 56285.4   0,0 -22,0 00843.5 01210.6 282.5 411.2
#crossscan#lat  5/15 56301.78  0,0 -17,0 00827.0 01268.9 280.5 494.7
#crossscan#lat  6/15 56318.65  0,0 -12,0 00800.8 01169.2 268.1 396.1
#crossscan#lat  7/15 56334.78  0,0 -7,0 00786.6 01080.1 262.3 362.7
#crossscan#lat  8/15 56350.83  0,0 -2,0 00817.8 01245.6 272.9 480.6
#crossscan#lat  9/15 56367.32  0,0  3,0 00791.2 01149.4 263.9 392.7
#crossscan#lat 10/15 56384.12  0,0  8,0 00840.7 01228.2 282.5 433.7
#crossscan#lat 11/15 56400.61  0,0 13,0 00767.9 01022.6 256.1 342.2
#crossscan#lat 12/15 56416.76  0,0 18,0 00826.8 01101.3 277.2 370.9
#crossscan#lat 13/15 56432.92  0,0 23,0 00859.6 01232.1 293.0 431.5
#crossscan#lat 14/15 56449.02  0,0 28,0 01054.7 02074.1 383.4 961.9
#crossscan#lat 15/15 56465.16  0,0 33,0 01335.5 02250.6 643.3 1039.0
