#onoff#source gal        190430.6 +061719.9 0000.0 2026.250.16:56:26
#onoff#site   hamburg  10.2400  53.4800  3.00 xxxx 0  0.00  0.00
#onoff#onoff  10 34 3u 11u 4 60 10 10 0.0704 0.0704 1 1
#onoff#origin 0.0000 0.0000 0.0000 0.0000 0.0000 0.0000
#onoff#on  1  68200.91 0 0   939.47  1388.76   06.35  20.72 
#onoff#off 1  68241.28 0 0 860.65 1176.97  04.19 06.28 
#onoff#cal 1  68255.56 0 0 2488.47 3425.15  45.77 45.03 
#onoff#on  2  68298.85 0 0   927.15  1347.85   07.24  18.86 
#onoff#off 2  68341.41 0 0 889.79 1196.41  03.06 07.13 
#onoff#cal 2  68355.77 0 0 2524.88 3442.09  19.63 37.32 
#onoff#on  3  68398.81 0 0   920.65  1339.97   05.36  13.91 
#onoff#off 3  68440.95 0 0 863.85 1177.24  03.92 03.99 
#onoff#cal 3  68455.15 0 0 2513.82 3439.35  28.68 24.06 
#onoff#on  4  68497.78 0 0   921.97  1328.29   07.47  14.80 
#onoff#off 4  68539.94 0 0 869.97 1187.18  04.82 07.29 
#onoff#cal 4  68554.15 0 0 2436.85 3307.06  86.37 130.69 
#onoff#on  5  68597.5  0 0   927.21  1372.56   12.70  64.29 
#onoff#off 5  68640.1  0 0 866.68 1265.38  12.31 117.19 
#onoff#cal 5  68654.5  0 0 2354.59 3302.59  132.76 115.39 
#onoff#on  6  68698.63 0 0   914.62  1327.88   08.80  40.49 
#onoff#off 6  68741.69 0 0 870.32 1198.44  06.18 10.13 
#onoff#cal 6  68755.89 0 0 2343.88 3304.44  133.24 147.79 
#onoff#on  7  68799.25 0 0   914.53  1323.29   06.37  33.14 
#onoff#off 7  68841.57 0 0 934.38 1293.65  244.49 79.50 
#onoff#cal 7  68855.78 0 0 2427.03 3387.62  144.47 126.62 
#onoff#on  8  68898.87 0 0   910.53  1323.47   06.41  53.68 
#onoff#off 8  68941.47 0 0 874.88 1195.18  04.50 06.61 
#onoff#cal 8  68955.73 0 0 2472.71 3450.29  111.94 54.24 
#onoff#on  9  69000.36 0 0   910.68  1292.94   07.10  20.38 
#onoff#off 9  69043.4  0 0 906.56 1465.68  61.10 483.34 
#onoff#cal 9  69058.16 0 0 2506.76 3423.79  119.71 93.82 
#onoff#on  10 69102.38 0 0   914.68  1294.00   07.81  22.68 
#onoff#off 10 69145.63 0 0 886.38 1227.32  10.55 46.39 
#onoff#cal 10 69159.99 0 0 2501.24 3414.32  78.49 74.91 
#onoff#sefd              150.71 44.10 0.00  0.00   0.00  0.00  
#onoff#fluxsrc  gal      150.71 44.10 0.00  0.00   0.00  0.00  
