#onoff#source sun        110412.5 +055803.7 0000.0 2026.250.10:29:40
#onoff#site   hamburg  10.2400  53.4800  3.00 xxxx 0  0.00  0.00
#onoff#onoff  5 10 1u 2u 4 60 10 10 0.0704 0.0704 1 1
#onoff#origin 0.0000 0.0000 0.0000 0.0000 0.0000 0.0000
#onoff#on  1  44984.19 0 0 12195.30 18584.90 14616.50  187.91 238.33 215.27 
#onoff#on  1  44984.19 0 0 14448.10  9098.90 15114.90  252.42 129.72 209.50 
#onoff#on  1  44984.19 0 0 22545.90 19134.80 17421.60  228.38 278.77 326.44 
#onoff#on  1  44984.19 0 0  9564.20  170.28 
#onoff#off 1  45023.22 0 0 1001.40 1290.00 1013.10  34.80 07.89 02.70 
#onoff#off 1  45023.22 0 0 1045.90 737.30 1412.10  03.42 08.93 81.38 
#onoff#off 1  45023.22 0 0 1651.30 1285.20 1211.30  28.80 03.71 03.41 
#onoff#off 1  45023.22 0 0 747.80  07.56 
#onoff#cal 1  45027.7  0 0 2634.20 3812.70 2920.30  40.43 07.04 11.07 
#onoff#cal 1  45027.7  0 0 2800.60 1772.40 3275.90  10.75 07.53 166.83 
#onoff#cal 1  45027.7  0 0 4447.90 3637.80 3246.30  37.41 18.50 20.89 
#onoff#cal 1  45027.7  0 0 1730.90  07.49 
#onoff#on  2  45068.6  0 0 12075.50 18519.10 14574.90  139.75 143.44 111.11 
#onoff#on  2  45068.6  0 0 14452.40  9057.30 14927.80  119.49  68.37 353.10 
#onoff#on  2  45068.61 0 0 22217.30 18860.70 17084.40  228.57 279.08 343.72 
#onoff#on  2  45068.61 0 0  9328.40  129.02 
#onoff#off 2  45107.88 0 0 1004.40 1289.30 1013.30  74.68 14.61 02.69 
#onoff#off 2  45107.88 0 0 1047.50 738.20 1423.50  03.47 14.34 171.74 
#onoff#off 2  45107.88 0 0 1662.60 1297.00 1220.50  71.13 05.35 08.55 
#onoff#off 2  45107.89 0 0 752.60  10.58 
#onoff#cal 2  45112.44 0 0 2621.40 3794.40 2914.30  74.39 19.41 25.04 
#onoff#cal 2  45112.44 0 0 2799.20 1769.10 3365.20  29.47 06.27 474.65 
#onoff#cal 2  45112.44 0 0 4514.60 3676.70 3271.50  108.71 50.54 68.13 
#onoff#cal 2  45112.44 0 0 1740.50  07.20 
#onoff#on  3  45153.27 0 0 12200.30 18547.50 14565.70  124.36 227.45 169.88 
#onoff#on  3  45153.27 0 0 14488.80  9093.90 14907.70  212.60 112.98 185.31 
#onoff#on  3  45153.27 0 0 22464.40 19061.20 17447.40  172.76 189.75 224.09 
#onoff#on  3  45153.27 0 0  9561.10  133.36 
#onoff#off 3  45192.34 0 0 1090.30 1317.30 1021.10  73.32 13.97 04.66 
#onoff#off 3  45192.34 0 0 1057.40 761.50 1496.10  04.98 17.13 175.66 
#onoff#off 3  45192.34 0 0 1717.50 1323.40 1263.40  50.17 05.12 18.31 
#onoff#off 3  45192.35 0 0 798.10  18.06 
#onoff#cal 3  45197.07 0 0 2748.60 3800.90 2905.20  198.33 33.12 50.98 
#onoff#cal 3  45197.08 0 0 2788.90 1779.50 3646.20  50.96 12.34 689.09 
#onoff#cal 3  45197.08 0 0 4627.30 3677.10 3250.50  193.17 84.37 102.59 
#onoff#cal 3  45197.08 0 0 1761.30  20.36 
#onoff#on  4  45237.7  0 0 12176.70 18243.60 14348.00  133.30 411.31 325.58 
#onoff#on  4  45237.7  0 0 14228.00  8970.10 14992.80  368.73 179.69 223.46 
#onoff#on  4  45237.7  0 0 22232.30 18822.80 17129.80  150.17 173.31 240.97 
#onoff#on  4  45237.7  0 0  9387.70   77.14 
#onoff#off 4  45277.23 0 0 968.30 1289.40 1011.90  31.44 09.72 03.70 
#onoff#off 4  45277.23 0 0 1044.40 733.70 1456.60  04.22 09.47 71.81 
#onoff#off 4  45277.23 0 0 1685.90 1310.80 1237.10  26.04 02.79 02.21 
#onoff#off 4  45277.23 0 0 765.00  08.25 
#onoff#cal 4  45281.82 0 0 2553.30 3812.90 2936.00  32.14 13.71 21.15 
#onoff#cal 4  45281.82 0 0 2823.10 1770.40 3276.30  23.17 05.57 414.36 
#onoff#cal 4  45281.82 0 0 4531.70 3722.10 3310.20  96.07 41.88 51.05 
#onoff#cal 4  45281.83 0 0 1763.70  06.60 
#onoff#on  5  45322.46 0 0 12032.40 18133.10 14298.20   97.97 450.88 357.92 
#onoff#on  5  45322.46 0 0 14157.10  8914.20 15031.80  429.61 227.86 209.29 
#onoff#on  5  45322.46 0 0 22279.30 18908.30 17110.40  175.53 180.84 234.83 
#onoff#on  5  45322.46 0 0  9398.50   93.68 
#onoff#off 5  45362.15 0 0 1011.30 1298.00 1013.30  72.48 14.91 02.72 
#onoff#off 5  45362.15 0 0 1049.30 743.20 1533.30  02.69 12.97 163.21 
#onoff#off 5  45362.15 0 0 1717.20 1319.30 1241.30  47.66 08.34 05.83 
#onoff#off 5  45362.15 0 0 774.90  16.57 
#onoff#cal 5  45366.91 0 0 2644.50 3776.60 2898.70  82.75 09.94 20.98 
#onoff#cal 5  45366.91 0 0 2792.70 1770.50 3394.00  21.27 06.87 244.35 
#onoff#cal 5  45366.92 0 0 4566.20 3729.50 3310.40  55.52 20.98 27.41 
#onoff#cal 5  45366.92 0 0 1775.10  11.74 
#onoff#sefd              180.48 41.75 0.00  0.00   0.00  0.00  
#onoff#sefd              180.48 41.75 0.00  0.00   0.00  0.00  
#onoff#sefd              180.48 41.75 0.00  0.00   0.00  0.00  
#onoff#sefd              180.48 41.75 0.00  0.00   0.00  0.00  
#onoff#sefd              180.48 41.75 0.00  0.00   0.00  0.00  
#onoff#fluxsrc  sun      180.48 41.75 0.00  0.00   0.00  0.00  
#onoff#fluxsrc  sun      180.48 41.75 0.00  0.00   0.00  0.00  
#onoff#fluxsrc  sun      180.48 41.75 0.00  0.00   0.00  0.00  
#onoff#fluxsrc  sun      180.48 41.75 0.00  0.00   0.00  0.00  
#onoff#fluxsrc  sun      180.48 41.75 0.00  0.00   0.00  0.00  
