#onoff#source gal        203556.9 +404008.0 0000.0 2026.250.15:39:09
#onoff#site   hamburg  10.2400  53.4800  3.00 xxxx 0  0.00  0.00
#onoff#onoff  10 34 3u 11u 4 60 10 10 0.0704 0.0704 1 1
#onoff#origin 0.0000 0.0000 0.0000 0.0000 0.0000 0.0000
#onoff#on  1  63563.65 0 0  1308.06  1425.29   32.40  29.73 
#onoff#off 1  63602.36 0 0 1041.21 1307.35  41.40 93.40 
#onoff#cal 1  63616.38 0 0 2792.47 3386.65  197.19 89.78 
#onoff#on  2  63654.69 0 0  1316.76  1428.59   40.32  31.38 
#onoff#off 2  63693.34 0 0 1048.26 1293.44  43.35 38.83 
#onoff#cal 2  63707.2  0 0 2770.88 3345.62  189.46 141.44 
#onoff#on  3  63746.99 0 0  1320.09  1456.24   26.38  56.90 
#onoff#off 3  63786.98 0 0 1019.32 1321.09  52.88 70.90 
#onoff#cal 3  63801.87 0 0 2724.65 3370.68  179.13 110.81 
#onoff#on  4  63841.51 0 0  1324.15  1442.41   25.46  22.33 
#onoff#off 4  63880.98 0 0 1017.74 1295.44  33.74 23.23 
#onoff#cal 4  63895.49 0 0 2745.03 3448.50  149.83 69.67 
#onoff#on  5  63934.83 0 0  1302.41  1447.71   19.10  34.33 
#onoff#off 5  63974.24 0 0 1015.00 1306.59  21.00 33.86 
#onoff#cal 5  63988.65 0 0 2765.24 3480.62  29.72 47.25 
#onoff#on  6  64028.38 0 0  1307.32  1461.62   52.27  48.89 
#onoff#off 6  64067.46 0 0 992.56 1294.26  15.95 23.79 
#onoff#cal 6  64081.89 0 0 2727.74 3495.47  64.67 48.30 
#onoff#on  7  64121.19 0 0  1277.94  1438.47   19.37  21.50 
#onoff#off 7  64160.22 0 0 991.44 1302.59  12.18 19.88 
#onoff#cal 7  64174.44 0 0 2667.91 3485.35  110.61 86.49 
#onoff#on  8  64213.7  0 0  1274.68  1425.26   40.34  19.45 
#onoff#off 8  64252.43 0 0 988.79 1315.24  10.12 45.58 
#onoff#cal 8  64266.82 0 0 2698.18 3525.03  54.32 39.63 
#onoff#on  9  64306.19 0 0  1248.76  1404.56   13.90  16.63 
#onoff#off 9  64345.48 0 0 990.56 1304.47  11.88 15.17 
#onoff#cal 9  64359.79 0 0 2720.82 3523.91  24.43 24.44 
#onoff#on  10 64398.7  0 0  1239.97  1409.47   19.91  19.39 
#onoff#off 10 64438.11 0 0 976.09 1317.00  18.01 24.83 
#onoff#cal 10 64452.66 0 0 2596.44 3462.85  116.69 78.56 
#onoff#sefd              74.94 51.35 0.00  0.00   0.00  0.00  
#onoff#fluxsrc  gal      74.94 51.35 0.00  0.00   0.00  0.00  
