#crossscan#source moon       080115.3 +232325.7 0000.0 2026.250.12:51:00
#crossscan#site   hamburg  10.2400  53.4800  3.00 xxxx 0  0.00  0.00
#crossscan#crossscan  hor 38 5 3 bbcs
#crossscan#lon  1/ 8 53499.11 -19,0  0,0 00852.7 01494.3 290.7 608.5
#crossscan#lon  2/ 8 53520.28 -14,0  0,0 00766.4 01008.2 255.5 337.4
#crossscan#lon  3/ 8 53542.84 -9,0  0,0 00774.0 01045.4 258.1 350.2
#crossscan#lon  4/ 8 53564.84 -4,0  0,0 00890.7 02155.9 300.7 764.8
#crossscan#lon  5/ 8 53586.74  1,0  0,0 00812.6 01252.9 275.2 538.1
#crossscan#lon  6/ 8 53609.35  6,0  0,0 00799.5 01120.0 268.3 430.3
#crossscan#lon  7/ 8 53631.63 11,0  0,0 00824.5 01197.6 278.2 454.0
#crossscan#lon  8/ 8 53653.84 16,0  0,0 00812.4 01175.8 278.8 424.4
#crossscan#lat  1/ 8 53689.68  0,0 -19,0 01058.2 01500.2 356.2 507.7
#crossscan#lat  2/ 8 53705.87  0,0 -14,0 00860.9 01321.2 287.1 468.0
#crossscan#lat  3/ 8 53723.1   0,0 -9,0 00835.3 01065.9 279.6 356.8
#crossscan#lat  4/ 8 53740.15  0,0 -4,0 00838.0 01153.8 280.5 410.7
#crossscan#lat  5/ 8 53756.5   0,0  1,0 00807.2 01120.4 270.6 410.4
#crossscan#lat  6/ 8 53773.62  0,0  6,0 00828.2 01217.1 281.0 481.1
#crossscan#lat  7/ 8 53790.86  0,0 11,0 00804.0 01155.8 268.5 402.0
#crossscan#lat  8/ 8 53807.62  0,0 16,0 00806.6 01262.5 273.7 497.0
