#onoff#source gal        192327.8 +150906.3 0000.0 2026.250.16:38:42
#onoff#site   hamburg  10.2400  53.4800  3.00 xxxx 0  0.00  0.00
#onoff#onoff  10 34 3u 11u 4 60 10 10 0.0704 0.0704 1 1
#onoff#origin 0.0000 0.0000 0.0000 0.0000 0.0000 0.0000
#onoff#on  1  67136.01 0 0   963.21  1335.76   21.99  43.98 
#onoff#off 1  67176.05 0 0 1143.53 1447.85  474.30 196.92 
#onoff#cal 1  67190.25 0 0 2312.41 3308.76  206.24 55.20 
#onoff#on  2  67231.66 0 0   956.71  1344.26   25.57  66.43 
#onoff#off 2  67271.96 0 0 1354.29 1374.06  1428.84 190.78 
#onoff#cal 2  67286.52 0 0 2846.47 3309.41  1640.82 233.51 
#onoff#on  3  67328.36 0 0   962.00  1373.88   24.86  95.87 
#onoff#off 3  67368.78 0 0 894.50 1271.88  49.60 72.85 
#onoff#cal 3  67383.52 0 0 2386.15 3325.53  120.83 68.02 
#onoff#on  4  67424.82 0 0   964.97  1323.38   22.17  32.00 
#onoff#off 4  67465.83 0 0 1146.21 1272.38  782.07 113.95 
#onoff#cal 4  67480.54 0 0 2691.12 3319.00  922.37 72.81 
#onoff#on  5  67522.63 0 0   967.35  1308.47   17.93  23.26 
#onoff#off 5  67563.56 0 0 1002.15 1257.74  388.36 57.08 
#onoff#cal 5  67578.14 0 0 2291.76 3257.50  100.49 88.81 
#onoff#on  6  67620.63 0 0   962.32  1315.76   20.21  23.48 
#onoff#off 6  67662.32 0 0 1002.47 1265.29  388.59 100.46 
#onoff#cal 6  67676.85 0 0 2352.00 3302.03  178.88 89.48 
#onoff#on  7  67719.14 0 0   971.09  1319.00   16.83  17.06 
#onoff#off 7  67761.22 0 0 1848.41 1296.38  2825.18 114.84 
#onoff#cal 7  67775.8  0 0 2447.65 3293.18  386.61 126.80 
#onoff#on  8  67818.18 0 0   968.15  1328.32   20.74  21.20 
#onoff#off 8  67859.32 0 0 2581.18 1293.88  5318.04 132.38 
#onoff#cal 8  67874.03 0 0 3693.88 3303.76  2941.82 90.52 
#onoff#on  9  67916.53 0 0   978.18  1349.06   12.86  15.98 
#onoff#off 9  67958.14 0 0 1473.50 1328.35  1069.83 167.53 
#onoff#cal 9  67972.64 0 0 2564.35 3324.15  717.10 105.24 
#onoff#on  10 68015.61 0 0   959.24  1342.59   16.42  20.20 
#onoff#off 10 68057.98 0 0 877.76 1210.38  05.31 17.55 
#onoff#cal 10 68072.78 0 0 2501.62 3420.79  28.38 19.01 
#onoff#sefd              134.27 49.07 0.00  0.00   0.00  0.00  
#onoff#fluxsrc  gal      134.27 49.07 0.00  0.00   0.00  0.00  
