#onoff#source gal        211204.2 +481937.2 0000.0 2026.250.15:19:32
#onoff#site   hamburg  10.2400  53.4800  3.00 xxxx 0  0.00  0.00
#onoff#onoff  10 34 3u 11u 4 60 10 10 0.0704 0.0704 1 1
#onoff#origin 0.0000 0.0000 0.0000 0.0000 0.0000 0.0000
#onoff#on  1  62386.42 0 0  1087.71  1359.62   10.97  21.70 
#onoff#off 1  62425.87 0 0 1018.32 1354.15  12.07 89.83 
#onoff#cal 1  62439.96 0 0 2780.62 3427.79  39.07 123.46 
#onoff#on  2  62479.5  0 0  1100.09  1350.06   13.16  22.89 
#onoff#off 2  62518.34 0 0 1029.65 1327.85  10.44 72.28 
#onoff#cal 2  62532.33 0 0 2843.53 3484.97  23.61 79.47 
#onoff#on  3  62570.94 0 0  1114.97  1352.26   09.07  10.50 
#onoff#off 3  62610.29 0 0 1051.00 1324.03  08.95 68.45 
#onoff#cal 3  62624.21 0 0 2864.03 3434.00  55.02 93.80 
#onoff#on  4  62663.61 0 0  1138.24  1351.74   09.47  15.36 
#onoff#off 4  62703.16 0 0 1058.06 1354.59  13.63 153.69 
#onoff#cal 4  62717.26 0 0 2867.82 3401.65  98.70 142.48 
#onoff#on  5  62756.56 0 0  1147.65  1355.91   09.31  12.91 
#onoff#off 5  62795.62 0 0 1066.94 1445.35  13.88 331.85 
#onoff#cal 5  62809.63 0 0 2907.24 3466.15  54.27 87.19 
#onoff#on  6  62849.27 0 0  1144.50  1358.06   10.83  17.44 
#onoff#off 6  62888.85 0 0 1052.94 1335.88  09.69 94.58 
#onoff#cal 6  62902.82 0 0 2808.76 3393.38  94.53 116.22 
#onoff#on  7  62941.96 0 0  1143.91  1359.59   13.32  16.16 
#onoff#off 7  62981.38 0 0 1041.56 1371.97  06.93 167.68 
#onoff#cal 7  62995.13 0 0 2855.71 3527.85  68.99 88.74 
#onoff#on  8  63034.55 0 0  1141.68  1358.32   10.89  14.74 
#onoff#off 8  63073.36 0 0 1041.29 1399.24  11.54 252.04 
#onoff#cal 8  63087.72 0 0 2867.50 3468.18  59.69 74.96 
#onoff#on  9  63126.33 0 0  1149.53  1371.03   23.22  21.05 
#onoff#off 9  63164.76 0 0 1042.03 1307.50  09.72 86.32 
#onoff#cal 9  63178.74 0 0 2906.29 3503.74  51.13 81.44 
#onoff#on  10 63218.58 0 0  1173.15  1399.65   08.98  13.85 
#onoff#off 10 63257.46 0 0 1079.97 1349.68  11.35 118.21 
#onoff#cal 10 63271.27 0 0 3002.26 3522.68  45.97 51.36 
#onoff#sefd              56.84 48.86 0.00  0.00   0.00  0.00  
#onoff#fluxsrc  gal      56.84 48.86 0.00  0.00   0.00  0.00  
