#crossscan#source sun        110415.6 +055744.4 0000.0 2026.250.10:46:25
#crossscan#site   hamburg  10.2400  53.4800  3.00 xxxx 0  0.00  0.00
#crossscan#crossscan  hor 20 1 3 bbcs
#crossscan#lon  1/20 46012.46 -10,0  0,0 01237.5 01587.4 424.7 566.6
#crossscan#lon  2/20 46027.63 -9,0  0,0 01080.9 01351.2 369.2 467.6
#crossscan#lon  3/20 46043.03 -8,0  0,0 00974.0 01215.8 324.8 407.2
#crossscan#lon  4/20 46057.26 -7,0  0,0 00947.5 01181.1 316.3 394.1
#crossscan#lon  5/20 46071.08 -6,0  0,0 01131.4 01353.7 379.4 451.6
#crossscan#lon  6/20 46085.18 -5,0  0,0 01848.7 02733.9 628.9 1658.9
#crossscan#lon  7/20 46098.68 -4,0  0,0 03113.0 04294.2 1055.2 1873.5
#crossscan#lon  8/20 46112.31 -3,0  0,0 05172.2 06766.3 1748.8 2341.3
#crossscan#lon  9/20 46124.61 -2,0  0,0 07384.0 09216.9 2469.0 3082.4
#crossscan#lon 10/20 46138.59 -1,0  0,0 09988.2 12179.3 3354.9 4070.7
#crossscan#lon 11/20 46150.71  0,0  0,0 11922.9 14371.5 3975.7 4791.8
#crossscan#lon 12/20 46162.83  1,0  0,0 12583.4 15285.2 4195.0 5095.3
#crossscan#lon 13/20 46173.94  2,0  0,0 12020.8 14828.6 4009.6 4945.1
#crossscan#lon 14/20 46186.09  3,0  0,0 09842.7 12444.2 3293.8 4157.6
#crossscan#lon 15/20 46197     4,0  0,0 07159.3 09403.0 2405.7 3153.6
#crossscan#lon 16/20 46208.55  5,0  0,0 04550.1 06084.0 1529.0 2040.8
#crossscan#lon 17/20 46219.15  6,0  0,0 02673.9 03830.6 910.6 1297.0
#crossscan#lon 18/20 46230.7   7,0  0,0 01484.8 02228.9 505.9 887.7
#crossscan#lon 19/20 46241.83  8,0  0,0 00999.8 01354.4 333.8 456.2
#crossscan#lon 20/20 46252.55  9,0  0,0 00934.0 01212.5 312.0 405.7
#crossscan#lat  1/20 46277.78  0,0 -10,0 01043.7 01304.5 352.9 472.1
#crossscan#lat  2/20 46288.21  0,0 -9,0 01105.7 01366.9 389.9 477.8
#crossscan#lat  3/20 46298.98  0,0 -8,0 01163.3 01518.8 388.9 525.2
#crossscan#lat  4/20 46309.46  0,0 -7,0 01196.2 01486.8 400.5 501.6
#crossscan#lat  5/20 46319.54  0,0 -6,0 01107.3 01379.3 370.8 462.1
#crossscan#lat  6/20 46329.56  0,0 -5,0 01267.9 01878.3 424.2 693.0
#crossscan#lat  7/20 46340.37  0,0 -4,0 02195.4 02946.5 733.8 996.7
#crossscan#lat  8/20 46350.81  0,0 -3,0 04508.8 05687.2 1503.4 1898.9
#crossscan#lat  9/20 46361.55  0,0 -2,0 07893.4 09613.6 2632.2 3204.8
#crossscan#lat 10/20 46371.98  0,0 -1,0 11127.1 13297.7 3709.8 4434.9
#crossscan#lat 11/20 46382.61  0,0  0,0 12302.4 14754.1 4101.4 4919.1
#crossscan#lat 12/20 46392.85  0,0  1,0 10652.9 13028.4 3566.7 4348.5
#crossscan#lat 13/20 46403.34  0,0  2,0 07390.8 09171.4 2463.7 3057.2
#crossscan#lat 14/20 46414.12  0,0  3,0 03982.5 05031.9 1327.6 1677.6
#crossscan#lat 15/20 46424.58  0,0  4,0 01878.5 02425.3 626.3 815.2
#crossscan#lat 16/20 46435.25  0,0  5,0 01140.1 01465.9 380.8 490.8
#crossscan#lat 17/20 46445.63  0,0  6,0 01047.6 01318.9 349.3 441.1
#crossscan#lat 18/20 46456.41  0,0  7,0 01155.8 01476.4 387.9 497.1
#crossscan#lat 19/20 46466.86  0,0  8,0 01089.9 01400.8 363.7 468.2
#crossscan#lat 20/20 46476.92  0,0  9,0 01004.5 01281.3 335.0 427.4
