#onoff#source gal        184611.0 -023644.4 0000.0 2026.250.17:13:34
#onoff#site   hamburg  10.2400  53.4800  3.00 xxxx 0  0.00  0.00
#onoff#onoff  10 34 3u 11u 4 60 10 10 0.0704 0.0704 1 1
#onoff#origin 0.0000 0.0000 0.0000 0.0000 0.0000 0.0000
#onoff#on  1  69228.67 0 0  1590.18  1332.24  3038.12 181.91 
#onoff#off 1  69270.57 0 0 864.24 1186.29  04.20 04.75 
#onoff#cal 1  69284.92 0 0 2478.12 3383.74  31.46 25.79 
#onoff#on  2  69329.06 0 0   987.79  1274.18  299.35  29.12 
#onoff#off 2  69371.39 0 0 874.47 1191.59  10.97 16.66 
#onoff#cal 2  69385.71 0 0 2385.71 3274.18  127.05 132.78 
#onoff#on  3  69429.05 0 0   953.24  1285.91   72.13  30.76 
#onoff#off 3  69471.79 0 0 883.15 1197.82  21.95 08.52 
#onoff#cal 3  69486.1  0 0 2376.82 3312.12  117.13 112.88 
#onoff#on  4  69530.12 0 0   928.41  1309.76   31.83  34.92 
#onoff#off 4  69572.14 0 0 864.24 1190.38  07.90 14.20 
#onoff#cal 4  69586.45 0 0 2418.85 3336.53  103.01 97.72 
#onoff#on  5  69629.59 0 0   967.68  1330.06   72.40  48.45 
#onoff#off 5  69671.27 0 0 870.32 1196.26  07.65 10.35 
#onoff#cal 5  69685.66 0 0 2452.91 3373.88  78.20 86.59 
#onoff#on  6  69729.63 0 0   923.53  1285.06   17.59  50.51 
#onoff#off 6  69771.33 0 0 874.44 1206.65  09.18 17.63 
#onoff#cal 6  69785.64 0 0 2461.06 3401.06  68.49 79.46 
#onoff#on  7  69830.05 0 0   913.47  1306.35   12.54  60.95 
#onoff#off 7  69872.06 0 0 870.65 1210.82  06.38 11.84 
#onoff#cal 7  69886.43 0 0 2470.06 3402.59  56.95 84.11 
#onoff#on  8  69930.37 0 0   925.91  1300.15   18.05  44.23 
#onoff#off 8  69971.94 0 0 868.94 1203.03  06.33 07.23 
#onoff#cal 8  69986.37 0 0 2495.85 3411.76  45.59 90.34 
#onoff#on  9  70031.59 0 0   920.97  1299.74   13.02  14.05 
#onoff#off 9  70073.98 0 0 867.32 1207.59  05.23 09.75 
#onoff#cal 9  70088.32 0 0 2529.82 3466.68  35.67 68.98 
#onoff#on  10 70132.37 0 0   917.35  1300.91   10.06  08.86 
#onoff#off 10 70173.76 0 0 869.06 1212.97  03.76 05.79 
#onoff#cal 10 70188.15 0 0 2520.12 3457.88  30.61 76.28 
#onoff#sefd              164.40 37.56 0.00  0.00   0.00  0.00  
#onoff#fluxsrc  gal      164.40 37.56 0.00  0.00   0.00  0.00  
