#onoff#source gal        200732.8 +322640.9 0000.0 2026.250.15:55:30
#onoff#site   hamburg  10.2400  53.4800  3.00 xxxx 0  0.00  0.00
#onoff#onoff  10 34 3u 11u 4 60 10 10 0.0704 0.0704 1 1
#onoff#origin 0.0000 0.0000 0.0000 0.0000 0.0000 0.0000
#onoff#on  1  64544.48 0 0  1061.74  1310.03   12.85  14.46 
#onoff#off 1  64583.55 0 0 977.41 1409.00  17.13 43.57 
#onoff#cal 1  64598.16 0 0 2618.53 3560.79  36.86 43.99 
#onoff#on  2  64636.78 0 0  1071.41  1400.91   25.51  32.97 
#onoff#off 2  64675.07 0 0 1001.65 1594.29  12.53 42.72 
#onoff#cal 2  64689.52 0 0 2610.32 3715.91  52.51 55.09 
#onoff#on  3  64728.49 0 0  1061.32  1310.26   05.28  09.79 
#onoff#off 3  64767.69 0 0 977.47 1422.56  14.51 45.22 
#onoff#cal 3  64782.13 0 0 3314.56 3531.00  2145.63 142.79 
#onoff#on  4  64821.37 0 0  1061.85  1328.18   22.04  19.34 
#onoff#off 4  64859.52 0 0 2041.12 1604.24  2445.71 275.08 
#onoff#cal 4  64874.15 0 0 2904.74 3493.59  1457.37 95.20 
#onoff#on  5  64913.13 0 0  1059.91  1326.18   17.37  31.25 
#onoff#off 5  64951.36 0 0 987.76 1453.91  17.40 57.98 
#onoff#cal 5  64965.83 0 0 2600.56 3580.50  70.63 127.61 
#onoff#on  6  65004.99 0 0  1053.76  1315.68   15.17  15.25 
#onoff#off 6  65044    0 0 2471.56 1661.56  4004.75 442.63 
#onoff#cal 6  65058.79 0 0 2581.06 3549.62  53.81 62.83 
#onoff#on  7  65097.73 0 0  1045.41  1335.29   22.60  37.60 
#onoff#off 7  65137.15 0 0 994.74 1516.47  22.91 75.07 
#onoff#cal 7  65151.61 0 0 2525.00 3598.47  124.17 134.53 
#onoff#on  8  65190.41 0 0  1065.29  1326.29   12.50  19.74 
#onoff#off 8  65229.07 0 0 997.12 1508.59  24.78 67.07 
#onoff#cal 8  65243.37 0 0 2608.74 3636.35  57.36 107.79 
#onoff#on  9  65282.47 0 0  1054.38  1342.00   30.41  25.98 
#onoff#off 9  65321.43 0 0 1617.21 1651.82  2280.71 273.96 
#onoff#cal 9  65335.97 0 0 2677.12 3636.41  271.75 103.14 
#onoff#on  10 65374.89 0 0  1033.09  1358.15   16.99  46.59 
#onoff#off 10 65414.16 0 0 1426.35 1734.06  996.05 341.23 
#onoff#cal 10 65428.72 0 0 2732.18 3683.44  360.38 113.13 
#onoff#sefd              93.83 52.00 0.00  0.00   0.00  0.00  
#onoff#fluxsrc  gal      93.83 52.00 0.00  0.00   0.00  0.00  
