#onoff#source gal        182736.7 -112945.2 0000.0 2026.250.17:30:43
#onoff#site   hamburg  10.2400  53.4800  3.00 xxxx 0  0.00  0.00
#onoff#onoff  10 34 3u 11u 4 60 10 10 0.0704 0.0704 1 1
#onoff#origin 0.0000 0.0000 0.0000 0.0000 0.0000 0.0000
#onoff#on  1  70257.57 0 0   944.74  1521.56   48.34 1169.43 
#onoff#off 1  70297.88 0 0 896.56 1271.12  12.33 144.98 
#onoff#cal 1  70312.26 0 0 2501.76 3265.38  42.61 125.11 
#onoff#on  2  70355.35 0 0  1025.76  1479.24  517.25 1106.77 
#onoff#off 2  70395.59 0 0 898.41 1231.88  13.17 20.58 
#onoff#cal 2  70409.79 0 0 2514.09 3352.53  64.80 110.73 
#onoff#on  3  70453.15 0 0   970.41  1363.71  268.95 240.16 
#onoff#off 3  70493.5  0 0 914.44 1317.97  22.08 166.90 
#onoff#cal 3  70507.94 0 0 2515.32 3381.79  57.81 131.81 
#onoff#on  4  70550.98 0 0   938.62  1284.21   05.50  04.30 
#onoff#off 4  70591.57 0 0 891.24 1219.32  03.96 06.45 
#onoff#cal 4  70605.91 0 0 2563.76 3510.97  15.67 13.23 
#onoff#on  5  70649.28 0 0   952.82  1321.12   05.86  04.11 
#onoff#off 5  70690.46 0 0 889.91 1223.53  03.28 05.02 
#onoff#cal 5  70704.93 0 0 2547.47 3513.09  46.19 27.48 
#onoff#on  6  70747.57 0 0   914.09  1352.09   23.40 160.46 
#onoff#off 6  70789.32 0 0 926.88 1246.47  98.45 19.36 
#onoff#cal 6  70803.64 0 0 2460.71 3328.68  158.17 120.85 
#onoff#on  7  70846.97 0 0   920.38  1298.50   06.49  14.49 
#onoff#off 7  70889.21 0 0 890.00 1343.97  08.17 487.26 
#onoff#cal 7  70903.57 0 0 2423.29 3537.03  116.82 349.79 
#onoff#on  8  70946.66 0 0   925.71  1292.88   08.58  06.24 
#onoff#off 8  70987.69 0 0 908.35 1266.53  37.72 24.97 
#onoff#cal 8  71001.95 0 0 2485.12 3438.41  87.30 67.04 
#onoff#on  9  71045.28 0 0   952.35  1328.62   61.89  82.52 
#onoff#off 9  71086.71 0 0 896.56 1276.26  06.60 28.85 
#onoff#cal 9  71101.12 0 0 2450.91 3416.18  121.09 117.79 
#onoff#on  10 71144.08 0 0  1120.26  1340.24  668.21  60.10 
#onoff#off 10 71185.45 0 0 893.35 1242.03  03.09 04.27 
#onoff#cal 10 71199.81 0 0 2572.56 3568.26  39.26 25.93 
#onoff#sefd              175.97 29.89 0.00  0.00   0.00  0.00  
#onoff#fluxsrc  gal      175.97 29.89 0.00  0.00   0.00  0.00  
