#onoff#source gal        180752.2 -201743.2 0000.0 2026.250.17:47:36
#onoff#site   hamburg  10.2400  53.4800  3.00 xxxx 0  0.00  0.00
#onoff#onoff  10 34 3u 11u 4 60 10 10 0.0704 0.0704 1 1
#onoff#origin 0.0000 0.0000 0.0000 0.0000 0.0000 0.0000
#onoff#on  1  71270.55 0 0  1123.00  1555.85   07.95  05.76 
#onoff#off 1  71311.56 0 0 908.88 1262.26  02.40 05.29 
#onoff#cal 1  71325.72 0 0 2579.65 3545.26  20.59 22.60 
#onoff#on  2  71367.08 0 0  1130.59  1561.18   07.95  05.99 
#onoff#off 2  71407.51 0 0 912.15 1268.74  04.01 06.66 
#onoff#cal 2  71422.02 0 0 2594.38 3573.00  14.72 14.96 
#onoff#on  3  71463.11 0 0  1149.00  1577.94   05.41  06.15 
#onoff#off 3  71503.26 0 0 916.44 1277.79  03.08 05.95 
#onoff#cal 3  71517.32 0 0 2581.76 3562.26  43.56 59.47 
#onoff#on  4  71557.62 0 0  1168.82  1611.06   06.19  07.61 
#onoff#off 4  71598.66 0 0 923.91 1296.97  07.84 42.07 
#onoff#cal 4  71613    0 0 2559.38 3489.21  38.85 118.00 
#onoff#on  5  71654.39 0 0  1187.29  1667.21  136.41 132.46 
#onoff#off 5  71695.15 0 0 923.71 1281.65  03.58 04.82 
#onoff#cal 5  71709.54 0 0 2617.06 3594.32  36.37 56.22 
#onoff#on  6  71750.75 0 0  1197.15  1653.82   06.16  10.59 
#onoff#off 6  71792.13 0 0 926.15 1291.56  02.43 04.07 
#onoff#cal 6  71806.53 0 0 2622.88 3624.24  47.24 41.61 
#onoff#on  7  71847.55 0 0  1248.65  1716.00  261.75 110.30 
#onoff#off 7  71889.9  0 0 941.74 1309.44  21.68 23.51 
#onoff#cal 7  71904.34 0 0 2570.53 3474.44  72.28 169.07 
#onoff#on  8  71945.76 0 0  1346.85  1755.41  498.36  68.04 
#onoff#off 8  71986.81 0 0 942.32 1302.76  34.93 14.91 
#onoff#cal 8  72000.99 0 0 2574.03 3514.53  73.63 136.39 
#onoff#on  9  72041.06 0 0  1442.21  1823.71  488.10 163.64 
#onoff#off 9  72082.71 0 0 933.38 1306.97  14.04 22.65 
#onoff#cal 9  72096.97 0 0 2523.18 3504.32  94.83 101.29 
#onoff#on  10 72136.89 0 0  1783.15  1963.68  875.31 211.70 
#onoff#off 10 72178.76 0 0 915.85 1322.56  19.42 32.89 
#onoff#cal 10 72193.16 0 0 2553.15 3517.62  99.57 151.17 
#onoff#sefd              185.88 21.41 0.00  0.00   0.00  0.00  
#onoff#fluxsrc  gal      185.88 21.41 0.00  0.00   0.00  0.00  
