#onoff#source gal        211206.5 +481921.8 0000.0 2026.250.14:57:39
#onoff#site   hamburg  10.2400  53.4800  3.00 xxxx 0  0.00  0.00
#onoff#onoff  10 34 1u 2u 4 60 10 10 0.0704 0.0704 1 1
#onoff#origin 0.0000 0.0000 0.0000 0.0000 0.0000 0.0000
#onoff#on  1  61073.63 0 0   876.12  1318.74  1069.97   54.56  19.23  11.41 
#onoff#on  1  61073.63 0 0  1090.82   751.21  1166.68   16.13  22.29  76.57 
#onoff#on  1  61073.63 0 0  1631.09  1438.35  1276.09   47.70  26.35  23.53 
#onoff#on  1  61073.64 0 0   743.44   13.42 
#onoff#off 1  61112.8  0 0 1004.47 1220.71 971.50  82.72 15.32 08.84 
#onoff#off 1  61112.8  0 0 1021.50 752.88 3030.03  12.89 18.29 1737.68 
#onoff#off 1  61112.8  0 0 2099.76 1299.06 1210.82  498.46 26.85 25.90 
#onoff#off 1  61112.81 0 0 871.06  124.98 
#onoff#cal 1  61127.41 0 0 2379.62 3488.41 2680.53  84.10 29.45 31.08 
#onoff#cal 1  61127.41 0 0 2676.35 1728.21 3327.29  36.91 16.28 537.90 
#onoff#cal 1  61127.41 0 0 4208.35 3445.68 3083.12  103.67 50.24 60.20 
#onoff#cal 1  61127.42 0 0 1730.74  29.96 
#onoff#on  2  61166.19 0 0   954.65  1347.97  1083.00   64.57  18.34  16.12 
#onoff#on  2  61166.19 0 0  1107.09   778.71  1261.94   18.42  14.27 126.90 
#onoff#on  2  61166.19 0 0  1667.24  1438.00  1271.94   55.65  26.87  23.58 
#onoff#on  2  61166.19 0 0   750.06   12.60 
#onoff#off 2  61205.22 0 0 971.24 1288.26 1033.35  107.11 24.06 15.10 
#onoff#off 2  61205.22 0 0 1088.44 772.12 1976.15  13.73 24.65 969.42 
#onoff#off 2  61205.22 0 0 1692.44 1308.18 1233.35  195.20 18.32 20.98 
#onoff#off 2  61205.22 0 0 806.18  66.36 
#onoff#cal 2  61219.12 0 0 2464.88 3671.29 2824.79  102.39 26.64 25.74 
#onoff#cal 2  61219.12 0 0 2827.18 1804.06 3879.00  31.13 16.18 1795.89 
#onoff#cal 2  61219.12 0 0 4252.76 3431.94 3071.35  232.58 91.95 104.23 
#onoff#cal 2  61219.12 0 0 1768.03  81.65 
#onoff#on  3  61258.11 0 0  1152.26  1544.65  1229.53  132.76  22.18  20.77 
#onoff#on  3  61258.11 0 0  1256.15   872.38  1397.47   24.34  17.58 267.77 
#onoff#on  3  61258.11 0 0  1719.62  1442.32  1271.21  111.57  25.49  22.26 
#onoff#on  3  61258.11 0 0   754.03   17.80 
#onoff#off 3  61299.96 0 0 1017.68 1337.79 1071.59  109.51 44.11 35.39 
#onoff#off 3  61299.97 0 0 1130.56 800.38 1967.06  41.07 30.04 648.63 
#onoff#off 3  61299.97 0 0 1752.32 1303.85 1227.26  203.92 14.12 19.11 
#onoff#off 3  61299.97 0 0 808.03  43.34 
#onoff#cal 3  61314.06 0 0 2601.50 3886.50 2986.29  86.05 107.00 83.31 
#onoff#cal 3  61314.06 0 0 2982.09 1889.82 3277.59  87.12 45.10 587.52 
#onoff#cal 3  61314.06 0 0 4178.38 3476.41 3123.47  111.71 40.47 52.25 
#onoff#cal 3  61314.06 0 0 1743.38  25.51 
#onoff#on  4  61352.68 0 0  1202.24  1660.21  1327.15  102.68  36.85  29.13 
#onoff#on  4  61352.68 0 0  1361.38   931.85  1295.47   31.39  19.59 148.30 
#onoff#on  4  61352.68 0 0  1687.68  1442.44  1274.06   70.91  24.47  18.61 
#onoff#on  4  61352.68 0 0   748.94   14.59 
#onoff#off 4  61392    0 0 906.59 1235.50 998.09  53.88 19.98 13.28 
#onoff#off 4  61392    0 0 1052.76 741.91 1612.94  15.65 14.81 358.31 
#onoff#off 4  61392    0 0 1641.26 1308.00 1234.94  121.60 12.77 15.01 
#onoff#off 4  61392.01 0 0 786.35  31.85 
#onoff#cal 4  61405.71 0 0 2326.12 3470.47 2675.06  64.75 24.18 26.08 
#onoff#cal 4  61405.71 0 0 2675.18 1709.91 3369.74  33.54 13.91 370.50 
#onoff#cal 4  61405.71 0 0 4217.76 3483.44 3117.56  81.04 39.19 50.38 
#onoff#cal 4  61405.71 0 0 1750.18  18.05 
#onoff#on  5  61444.54 0 0   975.97  1318.68  1060.74  161.73  24.78  17.69 
#onoff#on  5  61444.54 0 0  1083.41   775.74  1461.26   17.50  23.24 492.47 
#onoff#on  5  61444.55 0 0  1755.29  1444.65  1274.56  207.88  26.56  30.82 
#onoff#on  5  61444.55 0 0   762.53   30.87 
#onoff#off 5  61483.7  0 0 860.06 1206.50 980.29  45.92 11.52 07.68 
#onoff#off 5  61483.7  0 0 1035.71 724.76 1592.38  13.76 11.91 460.67 
#onoff#off 5  61483.7  0 0 1650.35 1310.24 1242.82  142.39 14.27 17.15 
#onoff#off 5  61483.7  0 0 791.03  36.28 
#onoff#cal 5  61497.69 0 0 2265.15 3526.00 2722.71  29.81 13.91 15.34 
#onoff#cal 5  61497.69 0 0 2727.15 1719.03 2707.85  19.40 08.11 63.16 
#onoff#cal 5  61497.69 0 0 4091.50 3545.21 3199.65  18.95 22.29 26.08 
#onoff#cal 5  61497.69 0 0 1733.53  15.35 
#onoff#on  6  61537.58 0 0   850.79  1317.38  1073.24   14.48  09.49  07.48 
#onoff#on  6  61537.58 0 0  1105.21   761.18  1099.76   14.48  06.96  32.28 
#onoff#on  6  61537.58 0 0  1613.18  1434.24  1279.62   32.96  22.76  23.64 
#onoff#on  6  61537.58 0 0   733.18   07.73 
#onoff#off 6  61576.42 0 0 846.74 1226.82 999.94  39.22 12.78 07.90 
#onoff#off 6  61576.43 0 0 1056.26 729.88 1060.62  13.74 10.78 55.93 
#onoff#off 6  61576.43 0 0 1481.88 1299.91 1237.03  21.59 15.00 19.48 
#onoff#off 6  61576.43 0 0 746.35  13.54 
#onoff#cal 6  61590.42 0 0 2319.71 3613.71 2788.09  26.46 12.65 13.68 
#onoff#cal 6  61590.42 0 0 2799.38 1754.44 2681.97  25.85 05.55 65.33 
#onoff#cal 6  61590.42 0 0 4094.21 3555.35 3214.56  16.98 17.27 20.61 
#onoff#cal 6  61590.42 0 0 1738.56  13.98 
#onoff#on  7  61629.93 0 0   884.53  1367.79  1136.65   30.56  46.85  41.14 
#onoff#on  7  61629.93 0 0  1145.18   786.29  1141.68   31.48  13.16  61.80 
#onoff#on  7  61629.94 0 0  1639.41  1471.79  1282.21   46.31  31.10  24.59 
#onoff#on  7  61629.94 0 0   738.26   10.79 
#onoff#off 7  61669.55 0 0 894.71 1268.15 1026.82  102.46 20.25 07.72 
#onoff#off 7  61669.55 0 0 1085.44 748.59 1168.03  10.27 15.81 281.49 
#onoff#off 7  61669.56 0 0 1520.35 1300.06 1239.74  104.74 14.97 20.88 
#onoff#off 7  61669.56 0 0 757.35  17.71 
#onoff#cal 7  61683.48 0 0 2455.79 3824.15 2944.97  38.46 49.99 41.37 
#onoff#cal 7  61683.48 0 0 2958.91 1845.09 2720.71  50.09 22.00 74.08 
#onoff#cal 7  61683.48 0 0 4105.82 3549.41 3210.35  16.89 19.06 27.13 
#onoff#cal 7  61683.48 0 0 1745.47  11.99 
#onoff#on  8  61722.99 0 0   896.00  1376.97  1121.97   25.03  09.86  07.36 
#onoff#on  8  61722.99 0 0  1162.85   800.26  1102.38   15.98  08.80  51.66 
#onoff#on  8  61723    0 0  1602.59  1415.68  1275.53   35.62  21.17  21.60 
#onoff#on  8  61723    0 0   737.24   09.21 
#onoff#off 8  61762.13 0 0 1050.12 1399.62 1157.82  172.21 20.67 14.29 
#onoff#off 8  61762.13 0 0 1186.03 814.32 1361.18  22.75 17.70 534.42 
#onoff#off 8  61762.13 0 0 1588.76 1328.18 1237.12  186.11 17.32 27.86 
#onoff#off 8  61762.14 0 0 765.82  23.80 
#onoff#cal 8  61776.24 0 0 2618.85 4045.32 3137.94  56.52 32.40 36.92 
#onoff#cal 8  61776.24 0 0 3120.47 1941.91 2712.32  41.43 10.50 92.51 
#onoff#cal 8  61776.24 0 0 4108.91 3579.56 3220.29  26.21 24.04 27.02 
#onoff#cal 8  61776.25 0 0 1744.06  12.83 
#onoff#on  9  61815.39 0 0   938.79  1451.24  1182.47   26.12  22.28  16.26 
#onoff#on  9  61815.39 0 0  1225.38   836.50  1131.29   15.00  11.57  71.42 
#onoff#on  9  61815.39 0 0  1598.97  1406.53  1266.21   30.26  18.22  15.29 
#onoff#on  9  61815.39 0 0   736.71   09.98 
#onoff#off 9  61854.63 0 0 1125.41 1425.21 1160.41  240.27 58.19 27.77 
#onoff#off 9  61854.63 0 0 1197.68 838.62 1987.03  33.59 55.35 1276.33 
#onoff#off 9  61854.63 0 0 1789.41 1319.41 1228.56  420.70 18.19 41.80 
#onoff#off 9  61854.63 0 0 803.35  63.25 
#onoff#cal 9  61868.47 0 0 2647.41 3818.44 2955.09  427.31 99.54 100.10 
#onoff#cal 9  61868.47 0 0 2930.18 1856.65 3208.32  107.71 23.05 895.68 
#onoff#cal 9  61868.47 0 0 4218.29 3520.21 3147.18  267.98 76.46 95.77 
#onoff#cal 9  61868.47 0 0 1748.59  37.95 
#onoff#on  10 61907.38 0 0   878.29  1362.47  1113.18   12.51  07.33  05.53 
#onoff#on  10 61907.38 0 0  1158.62   800.35  1105.50   07.48  07.39  50.84 
#onoff#on  10 61907.38 0 0  1591.68  1403.88  1270.15   29.19  18.71  14.43 
#onoff#on  10 61907.39 0 0   741.71   07.45 
#onoff#off 10 61946.32 0 0 961.26 1291.00 1036.41  108.64 17.86 09.29 
#onoff#off 10 61946.33 0 0 1099.35 763.97 1342.44  15.96 15.55 318.19 
#onoff#off 10 61946.33 0 0 1570.26 1303.15 1242.50  95.89 15.72 21.71 
#onoff#off 10 61946.33 0 0 770.47  18.47 
#onoff#cal 10 61960.3  0 0 2431.53 3748.41 2882.71  72.69 24.57 28.20 
#onoff#cal 10 61960.3  0 0 2893.21 1815.29 2781.74  34.59 09.90 246.15 
#onoff#cal 10 61960.3  0 0 4132.35 3567.41 3221.21  51.68 38.22 46.49 
#onoff#cal 10 61960.3  0 0 1751.82  15.20 
#onoff#sefd              54.52 46.17 0.00  0.00   0.00  0.00  
#onoff#sefd              54.52 46.17 0.00  0.00   0.00  0.00  
#onoff#sefd              54.52 46.17 0.00  0.00   0.00  0.00  
#onoff#sefd              54.52 46.17 0.00  0.00   0.00  0.00  
#onoff#sefd              54.52 46.17 0.00  0.00   0.00  0.00  
#onoff#fluxsrc  gal      54.52 46.17 0.00  0.00   0.00  0.00  
#onoff#fluxsrc  gal      54.52 46.17 0.00  0.00   0.00  0.00  
#onoff#fluxsrc  gal      54.52 46.17 0.00  0.00   0.00  0.00  
#onoff#fluxsrc  gal      54.52 46.17 0.00  0.00   0.00  0.00  
#onoff#fluxsrc  gal      54.52 46.17 0.00  0.00   0.00  0.00  
